------------------
Iteration 1
------------------
RESULTS:
PeriodicaResult{period=8.0, topic=0{job: 645842.0, hiring: 547921.0, jobs: 272261.0, careerarc: 253617.0, amp: 177255.0, day: 174478.0, latest: 173367.0, today: 168573.0, great: 166187.0, work: 161596.0, }, #clusters=2, movement=[[t0:3(0.29), t1:3(0.12), t2:3(0.06), t7:3(0.29), ], [t0:3(0.25), ]], segments=[[0, 1, 2, 3, 4, 5, 6, 7, 8, 9, 10, 11, 12, 13, 14, 15, 16], [18, 19, 20, 21]]}
PeriodicaResult{period=11.0, topic=0{job: 645842.0, hiring: 547921.0, jobs: 272261.0, careerarc: 253617.0, amp: 177255.0, day: 174478.0, latest: 173367.0, today: 168573.0, great: 166187.0, work: 161596.0, }, #clusters=3, movement=[[t0:3(0.09), t1:3(0.09), t2:3(0.09), t5:3(0.09), t6:3(0.18), t7:3(0.18), t8:3(0.18), t9:3(0.09), t10:3(0.09), ], [t6:3(0.33), ], [t3:3(0.20), t7:3(0.20), t8:3(0.20), t9:3(0.40), t10:3(0.20), ]], segments=[[1, 2, 3, 4, 5, 6, 7, 8, 9, 10, 11], [13, 14, 15], [17, 18, 19, 20, 21]]}
PeriodicaResult{period=24.0, topic=0{job: 645842.0, hiring: 547921.0, jobs: 272261.0, careerarc: 253617.0, amp: 177255.0, day: 174478.0, latest: 173367.0, today: 168573.0, great: 166187.0, work: 161596.0, }, #clusters=2, movement=[[t0:1(0.02)2(0.14)4(0.11)6(0.11)7(0.14)8(0.14)10(0.14)11(0.14)17(0.03)19(0.03), t1:2(0.38)4(0.07)7(0.38)10(0.17), t7:19(0.14), t8:19(0.29), t9:11(0.14)17(0.07)19(0.50), t10:6(0.03)11(0.09)12(0.13)16(0.23)17(0.06)19(0.23)21(0.23), t11:2(0.02)6(0.09)8(0.02)10(0.11)11(0.09)12(0.14)16(0.14)17(0.14)19(0.14)21(0.14), t12:2(0.03)6(0.03)7(0.11)8(0.07)10(0.11)11(0.09)12(0.11)16(0.11)17(0.11)19(0.11)21(0.11), t13:2(0.08)4(0.05)6(0.05)7(0.09)8(0.09)10(0.09)11(0.09)12(0.09)13(0.02)16(0.09)17(0.09)19(0.09)21(0.09), t14:2(0.08)4(0.02)6(0.08)7(0.08)8(0.08)10(0.08)11(0.08)12(0.08)13(0.07)16(0.08)17(0.08)19(0.08)21(0.08), t15:1(0.02)2(0.08)3(0.05)4(0.07)6(0.08)7(0.08)8(0.08)10(0.08)11(0.08)12(0.08)13(0.02)16(0.08)17(0.08)19(0.08)21(0.08), t16:1(0.07)2(0.07)3(0.07)4(0.07)6(0.07)7(0.07)8(0.07)10(0.07)11(0.07)12(0.07)13(0.01)16(0.07)17(0.07)19(0.07)21(0.07), t17:1(0.01)2(0.08)3(0.03)4(0.08)6(0.08)7(0.08)8(0.08)10(0.08)11(0.08)12(0.08)16(0.08)17(0.08)19(0.08)21(0.08), t18:1(0.06)2(0.08)3(0.02)4(0.08)6(0.08)7(0.08)8(0.08)10(0.08)11(0.08)12(0.08)16(0.08)17(0.08)19(0.08)21(0.08), t19:1(0.08)2(0.08)3(0.01)4(0.08)6(0.08)7(0.08)8(0.08)10(0.08)11(0.08)12(0.08)16(0.08)17(0.08)19(0.08)21(0.08), t20:2(0.08)3(0.01)4(0.08)6(0.08)7(0.08)8(0.08)10(0.08)11(0.08)12(0.08)16(0.08)17(0.08)19(0.08)21(0.08), t21:1(0.01)2(0.09)4(0.09)6(0.07)7(0.09)8(0.09)10(0.09)11(0.09)12(0.09)16(0.07)17(0.09)19(0.09)21(0.07), t22:1(0.01)2(0.09)4(0.08)6(0.07)7(0.09)8(0.09)10(0.09)11(0.09)12(0.07)16(0.07)17(0.09)19(0.09)21(0.07), t23:2(0.12)4(0.10)6(0.09)7(0.12)8(0.09)10(0.12)11(0.09)12(0.09)17(0.12)19(0.09), ], [t6:19(0.33), t7:19(1.00), t8:6(0.07)12(0.20)16(0.20)17(0.13)19(0.20)21(0.20), t9:6(0.05)10(0.15)11(0.10)12(0.15)16(0.15)17(0.15)19(0.15)21(0.10), t10:2(0.07)6(0.07)7(0.03)8(0.07)10(0.11)11(0.11)12(0.11)16(0.11)17(0.11)19(0.11)21(0.11), t11:2(0.09)3(0.03)4(0.09)6(0.06)7(0.09)8(0.06)10(0.09)11(0.09)12(0.09)16(0.09)17(0.09)19(0.09)21(0.09), t12:2(0.05)4(0.03)6(0.09)7(0.09)8(0.09)10(0.09)11(0.09)12(0.09)13(0.05)16(0.09)17(0.09)19(0.09)21(0.09), t13:1(0.02)2(0.07)3(0.07)4(0.07)6(0.07)7(0.07)8(0.07)10(0.07)11(0.07)12(0.07)13(0.02)16(0.07)17(0.07)19(0.07)21(0.07), t14:1(0.05)2(0.07)3(0.07)4(0.07)6(0.07)7(0.07)8(0.07)10(0.07)11(0.07)12(0.07)16(0.07)17(0.07)19(0.07)21(0.07), t15:1(0.03)2(0.08)3(0.05)4(0.08)6(0.08)7(0.08)8(0.08)10(0.08)11(0.08)12(0.08)16(0.08)17(0.08)19(0.08)21(0.08), t16:1(0.05)2(0.08)4(0.08)6(0.08)7(0.08)8(0.08)10(0.08)11(0.08)12(0.08)16(0.08)17(0.08)19(0.08)21(0.08), t17:1(0.05)2(0.08)4(0.08)6(0.08)7(0.08)8(0.08)10(0.08)11(0.08)12(0.08)16(0.08)17(0.08)19(0.08)21(0.08), t18:2(0.08)4(0.08)6(0.08)7(0.08)8(0.08)10(0.08)11(0.08)12(0.08)16(0.08)17(0.08)19(0.08)21(0.08), t19:2(0.08)4(0.08)6(0.08)7(0.08)8(0.08)10(0.08)11(0.08)12(0.08)16(0.08)17(0.08)19(0.08)21(0.08), t20:1(0.03)2(0.08)4(0.08)6(0.08)7(0.08)8(0.08)10(0.08)11(0.08)12(0.08)16(0.08)17(0.08)19(0.08)21(0.08), t21:2(0.10)4(0.10)6(0.10)7(0.10)8(0.10)10(0.10)11(0.10)12(0.10)17(0.10)19(0.10), t22:1(0.07)2(0.11)3(0.03)4(0.11)6(0.11)7(0.11)8(0.11)10(0.11)11(0.11)17(0.07)19(0.03), t23:1(0.06)2(0.23)4(0.23)7(0.23)10(0.12)17(0.07)19(0.06), ]], segments=[[0, 1, 2, 3, 4, 5, 6], [7, 8, 9]]}
PeriodicaResult{period=12.0, topic=1{like: 578735.0, amp: 345240.0, love: 319804.0, lol: 282960.0, know: 273936.0, got: 269217.0, good: 252658.0, time: 236807.0, people: 226165.0, want: 203006.0, }, #clusters=1, movement=[[t0:19(0.60), t1:19(0.50), t2:19(0.50), t3:19(0.50), t4:19(0.50), t5:19(0.50), t6:19(0.50), t7:19(0.40), t8:19(0.35), t9:19(0.25), t10:19(0.20), t11:19(0.20), ]], segments=[[0, 1, 2, 3, 4, 5, 6, 7, 8, 9, 10, 11, 12, 13, 14, 15, 16, 17, 18, 19]]}
Ref points:
0[]
1[Hawaii, US]
2[Oregon, US]
3[Nevada, US]
4[California, US]
5[]
6[Idaho, US]
7[Arizona, US]
8[Utah, US]
9[]
10[Colorado, US, Wyoming, US]
11[New Mexico, US]
12[Missouri, US, Iowa, US, Oklahoma, US, Kansas, US, Nebraska, US]
13[Texas, US]
14[]
15[]
16[New York, US, Maryland, US, Georgia, US, Indiana, US, Pennsylvania, US, Illinois, US, Virginia, US, Connecticut, US, Michigan, US, New Jersey, US, Ohio, US, Tennessee, US, South Carolina, US, West Virginia, US, Kentucky, US, Washington, D.C., US, Louisiana, US, North Carolina, US, Massachusetts, US, Alabama, US, Arkansas, US, Vermont, US, Mississippi, US, New Hampshire, US, Rhode Island, US, Delaware, US]
17[Minnesota, US]
18[]
19[Wisconsin, US]
20[]
21[Florida, US]
------------------
Iteration 2
------------------
RESULTS:
PeriodicaResult{period=8.0, topic=0{job: 645842.0, hiring: 547921.0, jobs: 272261.0, careerarc: 253617.0, amp: 177255.0, day: 174478.0, latest: 173367.0, today: 168573.0, great: 166187.0, work: 161596.0, }, #clusters=2, movement=[[t0:3(0.29), t1:3(0.12), t2:3(0.06), t7:3(0.29), ], [t0:3(0.25), ]], segments=[[0, 1, 2, 3, 4, 5, 6, 7, 8, 9, 10, 11, 12, 13, 14, 15, 16], [18, 19, 20, 21]]}
PeriodicaResult{period=21.0, topic=0{job: 645842.0, hiring: 547921.0, jobs: 272261.0, careerarc: 253617.0, amp: 177255.0, day: 174478.0, latest: 173367.0, today: 168573.0, great: 166187.0, work: 161596.0, }, #clusters=1, movement=[[t1:1(0.40), t3:1(0.10), t4:1(0.20), t6:1(0.10), t7:1(0.20), t9:1(0.10), t10:1(0.20), t12:1(0.10), t13:1(0.20), t14:1(0.20), t15:1(0.30), t16:1(0.30), t17:1(0.10), t18:1(0.30), t19:1(0.20), ]], segments=[[0, 1, 2, 3, 4, 5, 6, 7, 8, 9]]}
PeriodicaResult{period=11.0, topic=0{job: 645842.0, hiring: 547921.0, jobs: 272261.0, careerarc: 253617.0, amp: 177255.0, day: 174478.0, latest: 173367.0, today: 168573.0, great: 166187.0, work: 161596.0, }, #clusters=3, movement=[[t0:3(0.09), t1:3(0.09), t2:3(0.09), t5:3(0.09), t6:3(0.18), t7:3(0.18), t8:3(0.18), t9:3(0.09), t10:3(0.09), ], [t6:3(0.33), ], [t3:3(0.20), t7:3(0.20), t8:3(0.20), t9:3(0.40), t10:3(0.20), ]], segments=[[1, 2, 3, 4, 5, 6, 7, 8, 9, 10, 11], [13, 14, 15], [17, 18, 19, 20, 21]]}
PeriodicaResult{period=24.0, topic=0{job: 645842.0, hiring: 547921.0, jobs: 272261.0, careerarc: 253617.0, amp: 177255.0, day: 174478.0, latest: 173367.0, today: 168573.0, great: 166187.0, work: 161596.0, }, #clusters=2, movement=[[t0:1(0.02)2(0.14)4(0.11)6(0.11)7(0.14)8(0.14)10(0.14)11(0.14)17(0.03)19(0.03), t1:2(0.38)4(0.07)7(0.38)10(0.17), t7:19(0.14), t8:19(0.29), t9:11(0.14)17(0.07)19(0.50), t10:6(0.03)11(0.09)12(0.13)16(0.23)17(0.06)19(0.23)21(0.23), t11:2(0.02)6(0.09)8(0.02)10(0.11)11(0.09)12(0.14)16(0.14)17(0.14)19(0.14)21(0.14), t12:2(0.03)6(0.03)7(0.11)8(0.07)10(0.11)11(0.09)12(0.11)16(0.11)17(0.11)19(0.11)21(0.11), t13:2(0.08)4(0.05)6(0.05)7(0.09)8(0.09)10(0.09)11(0.09)12(0.09)13(0.02)16(0.09)17(0.09)19(0.09)21(0.09), t14:2(0.08)4(0.02)6(0.08)7(0.08)8(0.08)10(0.08)11(0.08)12(0.08)13(0.07)16(0.08)17(0.08)19(0.08)21(0.08), t15:1(0.02)2(0.08)3(0.05)4(0.07)6(0.08)7(0.08)8(0.08)10(0.08)11(0.08)12(0.08)13(0.02)16(0.08)17(0.08)19(0.08)21(0.08), t16:1(0.07)2(0.07)3(0.07)4(0.07)6(0.07)7(0.07)8(0.07)10(0.07)11(0.07)12(0.07)13(0.01)16(0.07)17(0.07)19(0.07)21(0.07), t17:1(0.01)2(0.08)3(0.03)4(0.08)6(0.08)7(0.08)8(0.08)10(0.08)11(0.08)12(0.08)16(0.08)17(0.08)19(0.08)21(0.08), t18:1(0.06)2(0.08)3(0.02)4(0.08)6(0.08)7(0.08)8(0.08)10(0.08)11(0.08)12(0.08)16(0.08)17(0.08)19(0.08)21(0.08), t19:1(0.08)2(0.08)3(0.01)4(0.08)6(0.08)7(0.08)8(0.08)10(0.08)11(0.08)12(0.08)16(0.08)17(0.08)19(0.08)21(0.08), t20:2(0.08)3(0.01)4(0.08)6(0.08)7(0.08)8(0.08)10(0.08)11(0.08)12(0.08)16(0.08)17(0.08)19(0.08)21(0.08), t21:1(0.01)2(0.09)4(0.09)6(0.07)7(0.09)8(0.09)10(0.09)11(0.09)12(0.09)16(0.07)17(0.09)19(0.09)21(0.07), t22:1(0.01)2(0.09)4(0.08)6(0.07)7(0.09)8(0.09)10(0.09)11(0.09)12(0.07)16(0.07)17(0.09)19(0.09)21(0.07), t23:2(0.12)4(0.10)6(0.09)7(0.12)8(0.09)10(0.12)11(0.09)12(0.09)17(0.12)19(0.09), ], [t6:19(0.33), t7:19(1.00), t8:6(0.07)12(0.20)16(0.20)17(0.13)19(0.20)21(0.20), t9:6(0.05)10(0.15)11(0.10)12(0.15)16(0.15)17(0.15)19(0.15)21(0.10), t10:2(0.07)6(0.07)7(0.03)8(0.07)10(0.11)11(0.11)12(0.11)16(0.11)17(0.11)19(0.11)21(0.11), t11:2(0.09)3(0.03)4(0.09)6(0.06)7(0.09)8(0.06)10(0.09)11(0.09)12(0.09)16(0.09)17(0.09)19(0.09)21(0.09), t12:2(0.05)4(0.03)6(0.09)7(0.09)8(0.09)10(0.09)11(0.09)12(0.09)13(0.05)16(0.09)17(0.09)19(0.09)21(0.09), t13:1(0.02)2(0.07)3(0.07)4(0.07)6(0.07)7(0.07)8(0.07)10(0.07)11(0.07)12(0.07)13(0.02)16(0.07)17(0.07)19(0.07)21(0.07), t14:1(0.05)2(0.07)3(0.07)4(0.07)6(0.07)7(0.07)8(0.07)10(0.07)11(0.07)12(0.07)16(0.07)17(0.07)19(0.07)21(0.07), t15:1(0.03)2(0.08)3(0.05)4(0.08)6(0.08)7(0.08)8(0.08)10(0.08)11(0.08)12(0.08)16(0.08)17(0.08)19(0.08)21(0.08), t16:1(0.05)2(0.08)4(0.08)6(0.08)7(0.08)8(0.08)10(0.08)11(0.08)12(0.08)16(0.08)17(0.08)19(0.08)21(0.08), t17:1(0.05)2(0.08)4(0.08)6(0.08)7(0.08)8(0.08)10(0.08)11(0.08)12(0.08)16(0.08)17(0.08)19(0.08)21(0.08), t18:2(0.08)4(0.08)6(0.08)7(0.08)8(0.08)10(0.08)11(0.08)12(0.08)16(0.08)17(0.08)19(0.08)21(0.08), t19:2(0.08)4(0.08)6(0.08)7(0.08)8(0.08)10(0.08)11(0.08)12(0.08)16(0.08)17(0.08)19(0.08)21(0.08), t20:1(0.03)2(0.08)4(0.08)6(0.08)7(0.08)8(0.08)10(0.08)11(0.08)12(0.08)16(0.08)17(0.08)19(0.08)21(0.08), t21:2(0.10)4(0.10)6(0.10)7(0.10)8(0.10)10(0.10)11(0.10)12(0.10)17(0.10)19(0.10), t22:1(0.07)2(0.11)3(0.03)4(0.11)6(0.11)7(0.11)8(0.11)10(0.11)11(0.11)17(0.07)19(0.03), t23:1(0.06)2(0.23)4(0.23)7(0.23)10(0.12)17(0.07)19(0.06), ]], segments=[[0, 1, 2, 3, 4, 5, 6], [7, 8, 9]]}
PeriodicaResult{period=12.0, topic=1{like: 578735.0, amp: 345240.0, love: 319804.0, lol: 282960.0, know: 273936.0, got: 269217.0, good: 252658.0, time: 236807.0, people: 226165.0, want: 203006.0, }, #clusters=1, movement=[[t0:19(0.60), t1:19(0.50), t2:19(0.50), t3:19(0.50), t4:19(0.50), t5:19(0.50), t6:19(0.50), t7:19(0.40), t8:19(0.35), t9:19(0.25), t10:19(0.20), t11:19(0.20), ]], segments=[[0, 1, 2, 3, 4, 5, 6, 7, 8, 9, 10, 11, 12, 13, 14, 15, 16, 17, 18, 19]]}
Ref points:
0[]
1[Hawaii, US]
2[Oregon, US]
3[Nevada, US]
4[California, US]
5[]
6[Idaho, US]
7[Arizona, US]
8[Utah, US]
9[]
10[Colorado, US, Wyoming, US]
11[New Mexico, US]
12[Missouri, US, Iowa, US, Oklahoma, US, Kansas, US, Nebraska, US]
13[Texas, US]
14[]
15[]
16[New York, US, Maryland, US, Georgia, US, Indiana, US, Pennsylvania, US, Illinois, US, Virginia, US, Connecticut, US, Michigan, US, New Jersey, US, Ohio, US, Tennessee, US, South Carolina, US, West Virginia, US, Kentucky, US, Washington, D.C., US, Louisiana, US, North Carolina, US, Massachusetts, US, Alabama, US, Arkansas, US, Vermont, US, Mississippi, US, New Hampshire, US, Rhode Island, US, Delaware, US]
17[Minnesota, US]
18[]
19[Wisconsin, US]
20[]
21[Florida, US]
------------------
Iteration 3
------------------
RESULTS:
PeriodicaResult{period=8.0, topic=0{job: 645842.0, hiring: 547921.0, jobs: 272261.0, careerarc: 253617.0, amp: 177255.0, day: 174478.0, latest: 173367.0, today: 168573.0, great: 166187.0, work: 161596.0, }, #clusters=2, movement=[[t0:1(0.21)3(0.15), t1:3(0.12), t2:1(0.21)3(0.03), t3:1(0.29), t6:1(0.06), t7:1(0.09)3(0.26), ], [t0:1(0.14), t1:1(0.14), t3:3(0.14), t4:1(0.14), t5:1(0.07)3(0.36), t6:1(0.36)3(0.36), t7:1(0.29)3(0.29), ]], segments=[[0, 1, 2, 3, 4, 5, 6, 7, 8, 9, 10, 11, 12, 13, 14, 15, 16], [22, 23, 24, 25, 26, 27, 28]]}
PeriodicaResult{period=21.0, topic=0{job: 645842.0, hiring: 547921.0, jobs: 272261.0, careerarc: 253617.0, amp: 177255.0, day: 174478.0, latest: 173367.0, today: 168573.0, great: 166187.0, work: 161596.0, }, #clusters=1, movement=[[t1:1(0.40), t3:1(0.10), t4:1(0.20), t6:1(0.10), t7:1(0.20), t9:1(0.10), t10:1(0.20), t12:1(0.10), t13:1(0.20), t14:1(0.20), t15:1(0.30), t16:1(0.30), t17:1(0.10), t18:1(0.30), t19:1(0.20), ]], segments=[[0, 1, 2, 3, 4, 5, 6, 7, 8, 9]]}
PeriodicaResult{period=11.0, topic=0{job: 645842.0, hiring: 547921.0, jobs: 272261.0, careerarc: 253617.0, amp: 177255.0, day: 174478.0, latest: 173367.0, today: 168573.0, great: 166187.0, work: 161596.0, }, #clusters=3, movement=[[t0:3(0.09), t1:3(0.09), t2:3(0.09), t5:3(0.09), t6:3(0.18), t7:3(0.18), t8:3(0.18), t9:3(0.09), t10:3(0.09), ], [t6:3(0.33), ], [t3:3(0.20), t7:3(0.20), t8:3(0.20), t9:3(0.40), t10:3(0.20), ]], segments=[[1, 2, 3, 4, 5, 6, 7, 8, 9, 10, 11], [13, 14, 15], [17, 18, 19, 20, 21]]}
PeriodicaResult{period=24.0, topic=0{job: 645842.0, hiring: 547921.0, jobs: 272261.0, careerarc: 253617.0, amp: 177255.0, day: 174478.0, latest: 173367.0, today: 168573.0, great: 166187.0, work: 161596.0, }, #clusters=2, movement=[[t0:1(0.02)2(0.14)4(0.11)6(0.11)7(0.14)8(0.14)10(0.14)11(0.14)17(0.03)19(0.03), t1:2(0.38)4(0.07)7(0.38)10(0.17), t7:19(0.14), t8:19(0.29), t9:11(0.14)17(0.07)19(0.50), t10:6(0.03)11(0.09)12(0.13)16(0.23)17(0.06)19(0.23)21(0.23), t11:2(0.02)6(0.09)8(0.02)10(0.11)11(0.09)12(0.14)16(0.14)17(0.14)19(0.14)21(0.14), t12:2(0.03)6(0.03)7(0.11)8(0.07)10(0.11)11(0.09)12(0.11)16(0.11)17(0.11)19(0.11)21(0.11), t13:2(0.08)4(0.05)6(0.05)7(0.09)8(0.09)10(0.09)11(0.09)12(0.09)13(0.02)16(0.09)17(0.09)19(0.09)21(0.09), t14:2(0.08)4(0.02)6(0.08)7(0.08)8(0.08)10(0.08)11(0.08)12(0.08)13(0.07)16(0.08)17(0.08)19(0.08)21(0.08), t15:1(0.02)2(0.08)3(0.05)4(0.07)6(0.08)7(0.08)8(0.08)10(0.08)11(0.08)12(0.08)13(0.02)16(0.08)17(0.08)19(0.08)21(0.08), t16:1(0.07)2(0.07)3(0.07)4(0.07)6(0.07)7(0.07)8(0.07)10(0.07)11(0.07)12(0.07)13(0.01)16(0.07)17(0.07)19(0.07)21(0.07), t17:1(0.01)2(0.08)3(0.03)4(0.08)6(0.08)7(0.08)8(0.08)10(0.08)11(0.08)12(0.08)16(0.08)17(0.08)19(0.08)21(0.08), t18:1(0.06)2(0.08)3(0.02)4(0.08)6(0.08)7(0.08)8(0.08)10(0.08)11(0.08)12(0.08)16(0.08)17(0.08)19(0.08)21(0.08), t19:1(0.08)2(0.08)3(0.01)4(0.08)6(0.08)7(0.08)8(0.08)10(0.08)11(0.08)12(0.08)16(0.08)17(0.08)19(0.08)21(0.08), t20:2(0.08)3(0.01)4(0.08)6(0.08)7(0.08)8(0.08)10(0.08)11(0.08)12(0.08)16(0.08)17(0.08)19(0.08)21(0.08), t21:1(0.01)2(0.09)4(0.09)6(0.07)7(0.09)8(0.09)10(0.09)11(0.09)12(0.09)16(0.07)17(0.09)19(0.09)21(0.07), t22:1(0.01)2(0.09)4(0.08)6(0.07)7(0.09)8(0.09)10(0.09)11(0.09)12(0.07)16(0.07)17(0.09)19(0.09)21(0.07), t23:2(0.12)4(0.10)6(0.09)7(0.12)8(0.09)10(0.12)11(0.09)12(0.09)17(0.12)19(0.09), ], [t6:19(0.33), t7:19(1.00), t8:6(0.07)12(0.20)16(0.20)17(0.13)19(0.20)21(0.20), t9:6(0.05)10(0.15)11(0.10)12(0.15)16(0.15)17(0.15)19(0.15)21(0.10), t10:2(0.07)6(0.07)7(0.03)8(0.07)10(0.11)11(0.11)12(0.11)16(0.11)17(0.11)19(0.11)21(0.11), t11:2(0.09)3(0.03)4(0.09)6(0.06)7(0.09)8(0.06)10(0.09)11(0.09)12(0.09)16(0.09)17(0.09)19(0.09)21(0.09), t12:2(0.05)4(0.03)6(0.09)7(0.09)8(0.09)10(0.09)11(0.09)12(0.09)13(0.05)16(0.09)17(0.09)19(0.09)21(0.09), t13:1(0.02)2(0.07)3(0.07)4(0.07)6(0.07)7(0.07)8(0.07)10(0.07)11(0.07)12(0.07)13(0.02)16(0.07)17(0.07)19(0.07)21(0.07), t14:1(0.05)2(0.07)3(0.07)4(0.07)6(0.07)7(0.07)8(0.07)10(0.07)11(0.07)12(0.07)16(0.07)17(0.07)19(0.07)21(0.07), t15:1(0.03)2(0.08)3(0.05)4(0.08)6(0.08)7(0.08)8(0.08)10(0.08)11(0.08)12(0.08)16(0.08)17(0.08)19(0.08)21(0.08), t16:1(0.05)2(0.08)4(0.08)6(0.08)7(0.08)8(0.08)10(0.08)11(0.08)12(0.08)16(0.08)17(0.08)19(0.08)21(0.08), t17:1(0.05)2(0.08)4(0.08)6(0.08)7(0.08)8(0.08)10(0.08)11(0.08)12(0.08)16(0.08)17(0.08)19(0.08)21(0.08), t18:2(0.08)4(0.08)6(0.08)7(0.08)8(0.08)10(0.08)11(0.08)12(0.08)16(0.08)17(0.08)19(0.08)21(0.08), t19:2(0.08)4(0.08)6(0.08)7(0.08)8(0.08)10(0.08)11(0.08)12(0.08)16(0.08)17(0.08)19(0.08)21(0.08), t20:1(0.03)2(0.08)4(0.08)6(0.08)7(0.08)8(0.08)10(0.08)11(0.08)12(0.08)16(0.08)17(0.08)19(0.08)21(0.08), t21:2(0.10)4(0.10)6(0.10)7(0.10)8(0.10)10(0.10)11(0.10)12(0.10)17(0.10)19(0.10), t22:1(0.07)2(0.11)3(0.03)4(0.11)6(0.11)7(0.11)8(0.11)10(0.11)11(0.11)17(0.07)19(0.03), t23:1(0.06)2(0.23)4(0.23)7(0.23)10(0.12)17(0.07)19(0.06), ]], segments=[[0, 1, 2, 3, 4, 5, 6], [7, 8, 9]]}
PeriodicaResult{period=12.0, topic=1{like: 578735.0, amp: 345240.0, love: 319804.0, lol: 282960.0, know: 273936.0, got: 269217.0, good: 252658.0, time: 236807.0, people: 226165.0, want: 203006.0, }, #clusters=1, movement=[[t0:19(0.60), t1:19(0.50), t2:19(0.50), t3:19(0.50), t4:19(0.50), t5:19(0.50), t6:19(0.50), t7:19(0.40), t8:19(0.35), t9:19(0.25), t10:19(0.20), t11:19(0.20), ]], segments=[[0, 1, 2, 3, 4, 5, 6, 7, 8, 9, 10, 11, 12, 13, 14, 15, 16, 17, 18, 19]]}
Ref points:
0[]
1[Hawaii, US]
2[Oregon, US]
3[Nevada, US]
4[California, US]
5[]
6[Idaho, US]
7[Arizona, US]
8[Utah, US]
9[]
10[Colorado, US, Wyoming, US]
11[New Mexico, US]
12[Missouri, US, Iowa, US, Oklahoma, US, Kansas, US, Nebraska, US]
13[Texas, US]
14[]
15[]
16[New York, US, Maryland, US, Georgia, US, Indiana, US, Pennsylvania, US, Illinois, US, Virginia, US, Connecticut, US, Michigan, US, New Jersey, US, Ohio, US, Tennessee, US, South Carolina, US, West Virginia, US, Kentucky, US, Washington, D.C., US, Louisiana, US, North Carolina, US, Massachusetts, US, Alabama, US, Arkansas, US, Vermont, US, Mississippi, US, New Hampshire, US, Rhode Island, US, Delaware, US]
17[Minnesota, US]
18[]
19[Wisconsin, US]
20[]
21[Florida, US]
------------------
Iteration 4
------------------
RESULTS:
PeriodicaResult{period=21.0, topic=0{job: 645842.0, hiring: 547921.0, jobs: 272261.0, careerarc: 253617.0, amp: 177255.0, day: 174478.0, latest: 173367.0, today: 168573.0, great: 166187.0, work: 161596.0, }, #clusters=1, movement=[[t1:1(0.40), t3:1(0.10), t4:1(0.20), t6:1(0.10), t7:1(0.20), t9:1(0.10), t10:1(0.20), t12:1(0.10), t13:1(0.20), t14:1(0.20), t15:1(0.30), t16:1(0.30), t17:1(0.10), t18:1(0.30), t19:1(0.20), ]], segments=[[0, 1, 2, 3, 4, 5, 6, 7, 8, 9]]}
PeriodicaResult{period=11.0, topic=0{job: 645842.0, hiring: 547921.0, jobs: 272261.0, careerarc: 253617.0, amp: 177255.0, day: 174478.0, latest: 173367.0, today: 168573.0, great: 166187.0, work: 161596.0, }, #clusters=3, movement=[[t0:3(0.09), t1:3(0.09), t2:3(0.09), t5:3(0.09), t6:3(0.18), t7:3(0.18), t8:3(0.18), t9:3(0.09), t10:3(0.09), ], [t6:3(0.33), ], [t3:3(0.20), t7:3(0.20), t8:3(0.20), t9:3(0.40), t10:3(0.20), ]], segments=[[1, 2, 3, 4, 5, 6, 7, 8, 9, 10, 11], [13, 14, 15], [17, 18, 19, 20, 21]]}
PeriodicaResult{period=24.0, topic=0{job: 645842.0, hiring: 547921.0, jobs: 272261.0, careerarc: 253617.0, amp: 177255.0, day: 174478.0, latest: 173367.0, today: 168573.0, great: 166187.0, work: 161596.0, }, #clusters=2, movement=[[t0:1(0.02)2(0.14)4(0.11)6(0.11)7(0.14)8(0.14)10(0.14)11(0.14)17(0.03)19(0.03), t1:2(0.38)4(0.07)7(0.38)10(0.17), t7:19(0.14), t8:19(0.29), t9:11(0.14)17(0.07)19(0.50), t10:6(0.03)11(0.09)12(0.13)16(0.23)17(0.06)19(0.23)21(0.23), t11:2(0.02)6(0.09)8(0.02)10(0.11)11(0.09)12(0.14)16(0.14)17(0.14)19(0.14)21(0.14), t12:2(0.03)6(0.03)7(0.11)8(0.07)10(0.11)11(0.09)12(0.11)16(0.11)17(0.11)19(0.11)21(0.11), t13:2(0.08)4(0.05)6(0.05)7(0.09)8(0.09)10(0.09)11(0.09)12(0.09)13(0.02)16(0.09)17(0.09)19(0.09)21(0.09), t14:2(0.08)4(0.02)6(0.08)7(0.08)8(0.08)10(0.08)11(0.08)12(0.08)13(0.07)16(0.08)17(0.08)19(0.08)21(0.08), t15:1(0.02)2(0.08)3(0.05)4(0.07)6(0.08)7(0.08)8(0.08)10(0.08)11(0.08)12(0.08)13(0.02)16(0.08)17(0.08)19(0.08)21(0.08), t16:1(0.07)2(0.07)3(0.07)4(0.07)6(0.07)7(0.07)8(0.07)10(0.07)11(0.07)12(0.07)13(0.01)16(0.07)17(0.07)19(0.07)21(0.07), t17:1(0.01)2(0.08)3(0.03)4(0.08)6(0.08)7(0.08)8(0.08)10(0.08)11(0.08)12(0.08)16(0.08)17(0.08)19(0.08)21(0.08), t18:1(0.06)2(0.08)3(0.02)4(0.08)6(0.08)7(0.08)8(0.08)10(0.08)11(0.08)12(0.08)16(0.08)17(0.08)19(0.08)21(0.08), t19:1(0.08)2(0.08)3(0.01)4(0.08)6(0.08)7(0.08)8(0.08)10(0.08)11(0.08)12(0.08)16(0.08)17(0.08)19(0.08)21(0.08), t20:2(0.08)3(0.01)4(0.08)6(0.08)7(0.08)8(0.08)10(0.08)11(0.08)12(0.08)16(0.08)17(0.08)19(0.08)21(0.08), t21:1(0.01)2(0.09)4(0.09)6(0.07)7(0.09)8(0.09)10(0.09)11(0.09)12(0.09)16(0.07)17(0.09)19(0.09)21(0.07), t22:1(0.01)2(0.09)4(0.08)6(0.07)7(0.09)8(0.09)10(0.09)11(0.09)12(0.07)16(0.07)17(0.09)19(0.09)21(0.07), t23:2(0.12)4(0.10)6(0.09)7(0.12)8(0.09)10(0.12)11(0.09)12(0.09)17(0.12)19(0.09), ], [t6:19(0.33), t7:19(1.00), t8:6(0.07)12(0.20)16(0.20)17(0.13)19(0.20)21(0.20), t9:6(0.05)10(0.15)11(0.10)12(0.15)16(0.15)17(0.15)19(0.15)21(0.10), t10:2(0.07)6(0.07)7(0.03)8(0.07)10(0.11)11(0.11)12(0.11)16(0.11)17(0.11)19(0.11)21(0.11), t11:2(0.09)3(0.03)4(0.09)6(0.06)7(0.09)8(0.06)10(0.09)11(0.09)12(0.09)16(0.09)17(0.09)19(0.09)21(0.09), t12:2(0.05)4(0.03)6(0.09)7(0.09)8(0.09)10(0.09)11(0.09)12(0.09)13(0.05)16(0.09)17(0.09)19(0.09)21(0.09), t13:1(0.02)2(0.07)3(0.07)4(0.07)6(0.07)7(0.07)8(0.07)10(0.07)11(0.07)12(0.07)13(0.02)16(0.07)17(0.07)19(0.07)21(0.07), t14:1(0.05)2(0.07)3(0.07)4(0.07)6(0.07)7(0.07)8(0.07)10(0.07)11(0.07)12(0.07)16(0.07)17(0.07)19(0.07)21(0.07), t15:1(0.03)2(0.08)3(0.05)4(0.08)6(0.08)7(0.08)8(0.08)10(0.08)11(0.08)12(0.08)16(0.08)17(0.08)19(0.08)21(0.08), t16:1(0.05)2(0.08)4(0.08)6(0.08)7(0.08)8(0.08)10(0.08)11(0.08)12(0.08)16(0.08)17(0.08)19(0.08)21(0.08), t17:1(0.05)2(0.08)4(0.08)6(0.08)7(0.08)8(0.08)10(0.08)11(0.08)12(0.08)16(0.08)17(0.08)19(0.08)21(0.08), t18:2(0.08)4(0.08)6(0.08)7(0.08)8(0.08)10(0.08)11(0.08)12(0.08)16(0.08)17(0.08)19(0.08)21(0.08), t19:2(0.08)4(0.08)6(0.08)7(0.08)8(0.08)10(0.08)11(0.08)12(0.08)16(0.08)17(0.08)19(0.08)21(0.08), t20:1(0.03)2(0.08)4(0.08)6(0.08)7(0.08)8(0.08)10(0.08)11(0.08)12(0.08)16(0.08)17(0.08)19(0.08)21(0.08), t21:2(0.10)4(0.10)6(0.10)7(0.10)8(0.10)10(0.10)11(0.10)12(0.10)17(0.10)19(0.10), t22:1(0.07)2(0.11)3(0.03)4(0.11)6(0.11)7(0.11)8(0.11)10(0.11)11(0.11)17(0.07)19(0.03), t23:1(0.06)2(0.23)4(0.23)7(0.23)10(0.12)17(0.07)19(0.06), ]], segments=[[0, 1, 2, 3, 4, 5, 6], [7, 8, 9]]}
PeriodicaResult{period=12.0, topic=1{like: 578735.0, amp: 345240.0, love: 319804.0, lol: 282960.0, know: 273936.0, got: 269217.0, good: 252658.0, time: 236807.0, people: 226165.0, want: 203006.0, }, #clusters=1, movement=[[t0:19(0.60), t1:19(0.50), t2:19(0.50), t3:19(0.50), t4:19(0.50), t5:19(0.50), t6:19(0.50), t7:19(0.40), t8:19(0.35), t9:19(0.25), t10:19(0.20), t11:19(0.20), ]], segments=[[0, 1, 2, 3, 4, 5, 6, 7, 8, 9, 10, 11, 12, 13, 14, 15, 16, 17, 18, 19]]}
Ref points:
0[]
1[Hawaii, US]
2[Oregon, US]
3[Nevada, US]
4[California, US]
5[]
6[Idaho, US]
7[Arizona, US]
8[Utah, US]
9[]
10[Colorado, US, Wyoming, US]
11[New Mexico, US]
12[Missouri, US, Iowa, US, Oklahoma, US, Kansas, US, Nebraska, US]
13[Texas, US]
14[]
15[]
16[New York, US, Maryland, US, Georgia, US, Indiana, US, Pennsylvania, US, Illinois, US, Virginia, US, Connecticut, US, Michigan, US, New Jersey, US, Ohio, US, Tennessee, US, South Carolina, US, West Virginia, US, Kentucky, US, Washington, D.C., US, Louisiana, US, North Carolina, US, Massachusetts, US, Alabama, US, Arkansas, US, Vermont, US, Mississippi, US, New Hampshire, US, Rhode Island, US, Delaware, US]
17[Minnesota, US]
18[]
19[Wisconsin, US]
20[]
21[Florida, US]
------------------
Iteration 5
------------------
RESULTS:
PeriodicaResult{period=8.0, topic=0{job: 645842.0, hiring: 547921.0, jobs: 272261.0, careerarc: 253617.0, amp: 177255.0, day: 174478.0, latest: 173367.0, today: 168573.0, great: 166187.0, work: 161596.0, }, #clusters=2, movement=[[t0:3(0.29), t1:3(0.12), t2:3(0.06), t7:3(0.29), ], [t0:3(0.25), ]], segments=[[0, 1, 2, 3, 4, 5, 6, 7, 8, 9, 10, 11, 12, 13, 14, 15, 16], [18, 19, 20, 21]]}
PeriodicaResult{period=21.0, topic=0{job: 645842.0, hiring: 547921.0, jobs: 272261.0, careerarc: 253617.0, amp: 177255.0, day: 174478.0, latest: 173367.0, today: 168573.0, great: 166187.0, work: 161596.0, }, #clusters=1, movement=[[t1:1(0.40), t3:1(0.10), t4:1(0.20), t6:1(0.10), t7:1(0.20), t9:1(0.10), t10:1(0.20), t12:1(0.10), t13:1(0.20), t14:1(0.20), t15:1(0.30), t16:1(0.30), t17:1(0.10), t18:1(0.30), t19:1(0.20), ]], segments=[[0, 1, 2, 3, 4, 5, 6, 7, 8, 9]]}
PeriodicaResult{period=11.0, topic=0{job: 645842.0, hiring: 547921.0, jobs: 272261.0, careerarc: 253617.0, amp: 177255.0, day: 174478.0, latest: 173367.0, today: 168573.0, great: 166187.0, work: 161596.0, }, #clusters=3, movement=[[t0:3(0.09), t1:3(0.09), t2:3(0.09), t5:3(0.09), t6:3(0.18), t7:3(0.18), t8:3(0.18), t9:3(0.09), t10:3(0.09), ], [t6:3(0.33), ], [t3:3(0.20), t7:3(0.20), t8:3(0.20), t9:3(0.40), t10:3(0.20), ]], segments=[[1, 2, 3, 4, 5, 6, 7, 8, 9, 10, 11], [13, 14, 15], [17, 18, 19, 20, 21]]}
PeriodicaResult{period=24.0, topic=0{job: 645842.0, hiring: 547921.0, jobs: 272261.0, careerarc: 253617.0, amp: 177255.0, day: 174478.0, latest: 173367.0, today: 168573.0, great: 166187.0, work: 161596.0, }, #clusters=2, movement=[[t0:1(0.02)2(0.14)4(0.11)6(0.11)7(0.14)8(0.14)10(0.14)11(0.14)17(0.03)19(0.03), t1:2(0.38)4(0.07)7(0.38)10(0.17), t7:19(0.14), t8:19(0.29), t9:11(0.14)17(0.07)19(0.50), t10:6(0.03)11(0.09)12(0.13)16(0.23)17(0.06)19(0.23)21(0.23), t11:2(0.02)6(0.09)8(0.02)10(0.11)11(0.09)12(0.14)16(0.14)17(0.14)19(0.14)21(0.14), t12:2(0.03)6(0.03)7(0.11)8(0.07)10(0.11)11(0.09)12(0.11)16(0.11)17(0.11)19(0.11)21(0.11), t13:2(0.08)4(0.05)6(0.05)7(0.09)8(0.09)10(0.09)11(0.09)12(0.09)13(0.02)16(0.09)17(0.09)19(0.09)21(0.09), t14:2(0.08)4(0.02)6(0.08)7(0.08)8(0.08)10(0.08)11(0.08)12(0.08)13(0.07)16(0.08)17(0.08)19(0.08)21(0.08), t15:1(0.02)2(0.08)3(0.05)4(0.07)6(0.08)7(0.08)8(0.08)10(0.08)11(0.08)12(0.08)13(0.02)16(0.08)17(0.08)19(0.08)21(0.08), t16:1(0.07)2(0.07)3(0.07)4(0.07)6(0.07)7(0.07)8(0.07)10(0.07)11(0.07)12(0.07)13(0.01)16(0.07)17(0.07)19(0.07)21(0.07), t17:1(0.01)2(0.08)3(0.03)4(0.08)6(0.08)7(0.08)8(0.08)10(0.08)11(0.08)12(0.08)16(0.08)17(0.08)19(0.08)21(0.08), t18:1(0.06)2(0.08)3(0.02)4(0.08)6(0.08)7(0.08)8(0.08)10(0.08)11(0.08)12(0.08)16(0.08)17(0.08)19(0.08)21(0.08), t19:1(0.08)2(0.08)3(0.01)4(0.08)6(0.08)7(0.08)8(0.08)10(0.08)11(0.08)12(0.08)16(0.08)17(0.08)19(0.08)21(0.08), t20:2(0.08)3(0.01)4(0.08)6(0.08)7(0.08)8(0.08)10(0.08)11(0.08)12(0.08)16(0.08)17(0.08)19(0.08)21(0.08), t21:1(0.01)2(0.09)4(0.09)6(0.07)7(0.09)8(0.09)10(0.09)11(0.09)12(0.09)16(0.07)17(0.09)19(0.09)21(0.07), t22:1(0.01)2(0.09)4(0.08)6(0.07)7(0.09)8(0.09)10(0.09)11(0.09)12(0.07)16(0.07)17(0.09)19(0.09)21(0.07), t23:2(0.12)4(0.10)6(0.09)7(0.12)8(0.09)10(0.12)11(0.09)12(0.09)17(0.12)19(0.09), ], [t6:19(0.33), t7:19(1.00), t8:6(0.07)12(0.20)16(0.20)17(0.13)19(0.20)21(0.20), t9:6(0.05)10(0.15)11(0.10)12(0.15)16(0.15)17(0.15)19(0.15)21(0.10), t10:2(0.07)6(0.07)7(0.03)8(0.07)10(0.11)11(0.11)12(0.11)16(0.11)17(0.11)19(0.11)21(0.11), t11:2(0.09)3(0.03)4(0.09)6(0.06)7(0.09)8(0.06)10(0.09)11(0.09)12(0.09)16(0.09)17(0.09)19(0.09)21(0.09), t12:2(0.05)4(0.03)6(0.09)7(0.09)8(0.09)10(0.09)11(0.09)12(0.09)13(0.05)16(0.09)17(0.09)19(0.09)21(0.09), t13:1(0.02)2(0.07)3(0.07)4(0.07)6(0.07)7(0.07)8(0.07)10(0.07)11(0.07)12(0.07)13(0.02)16(0.07)17(0.07)19(0.07)21(0.07), t14:1(0.05)2(0.07)3(0.07)4(0.07)6(0.07)7(0.07)8(0.07)10(0.07)11(0.07)12(0.07)16(0.07)17(0.07)19(0.07)21(0.07), t15:1(0.03)2(0.08)3(0.05)4(0.08)6(0.08)7(0.08)8(0.08)10(0.08)11(0.08)12(0.08)16(0.08)17(0.08)19(0.08)21(0.08), t16:1(0.05)2(0.08)4(0.08)6(0.08)7(0.08)8(0.08)10(0.08)11(0.08)12(0.08)16(0.08)17(0.08)19(0.08)21(0.08), t17:1(0.05)2(0.08)4(0.08)6(0.08)7(0.08)8(0.08)10(0.08)11(0.08)12(0.08)16(0.08)17(0.08)19(0.08)21(0.08), t18:2(0.08)4(0.08)6(0.08)7(0.08)8(0.08)10(0.08)11(0.08)12(0.08)16(0.08)17(0.08)19(0.08)21(0.08), t19:2(0.08)4(0.08)6(0.08)7(0.08)8(0.08)10(0.08)11(0.08)12(0.08)16(0.08)17(0.08)19(0.08)21(0.08), t20:1(0.03)2(0.08)4(0.08)6(0.08)7(0.08)8(0.08)10(0.08)11(0.08)12(0.08)16(0.08)17(0.08)19(0.08)21(0.08), t21:2(0.10)4(0.10)6(0.10)7(0.10)8(0.10)10(0.10)11(0.10)12(0.10)17(0.10)19(0.10), t22:1(0.07)2(0.11)3(0.03)4(0.11)6(0.11)7(0.11)8(0.11)10(0.11)11(0.11)17(0.07)19(0.03), t23:1(0.06)2(0.23)4(0.23)7(0.23)10(0.12)17(0.07)19(0.06), ]], segments=[[0, 1, 2, 3, 4, 5, 6], [7, 8, 9]]}
PeriodicaResult{period=12.0, topic=1{like: 578735.0, amp: 345240.0, love: 319804.0, lol: 282960.0, know: 273936.0, got: 269217.0, good: 252658.0, time: 236807.0, people: 226165.0, want: 203006.0, }, #clusters=1, movement=[[t0:19(0.60), t1:19(0.50), t2:19(0.50), t3:19(0.50), t4:19(0.50), t5:19(0.50), t6:19(0.50), t7:19(0.40), t8:19(0.35), t9:19(0.25), t10:19(0.20), t11:19(0.20), ]], segments=[[0, 1, 2, 3, 4, 5, 6, 7, 8, 9, 10, 11, 12, 13, 14, 15, 16, 17, 18, 19]]}
Ref points:
0[]
1[Hawaii, US]
2[Oregon, US]
3[Nevada, US]
4[California, US]
5[]
6[Idaho, US]
7[Arizona, US]
8[Utah, US]
9[]
10[Colorado, US, Wyoming, US]
11[New Mexico, US]
12[Missouri, US, Iowa, US, Oklahoma, US, Kansas, US, Nebraska, US]
13[Texas, US]
14[]
15[]
16[New York, US, Maryland, US, Georgia, US, Indiana, US, Pennsylvania, US, Illinois, US, Virginia, US, Connecticut, US, Michigan, US, New Jersey, US, Ohio, US, Tennessee, US, South Carolina, US, West Virginia, US, Kentucky, US, Washington, D.C., US, Louisiana, US, North Carolina, US, Massachusetts, US, Alabama, US, Arkansas, US, Vermont, US, Mississippi, US, New Hampshire, US, Rhode Island, US, Delaware, US]
17[Minnesota, US]
18[]
19[Wisconsin, US]
20[]
21[Florida, US]
------------------
Iteration 6
------------------
RESULTS:
PeriodicaResult{period=8.0, topic=0{job: 645842.0, hiring: 547921.0, jobs: 272261.0, careerarc: 253617.0, amp: 177255.0, day: 174478.0, latest: 173367.0, today: 168573.0, great: 166187.0, work: 161596.0, }, #clusters=2, movement=[[t0:3(0.29), t1:3(0.12), t2:3(0.06), t7:3(0.29), ], [t0:3(0.25), ]], segments=[[0, 1, 2, 3, 4, 5, 6, 7, 8, 9, 10, 11, 12, 13, 14, 15, 16], [18, 19, 20, 21]]}
PeriodicaResult{period=21.0, topic=0{job: 645842.0, hiring: 547921.0, jobs: 272261.0, careerarc: 253617.0, amp: 177255.0, day: 174478.0, latest: 173367.0, today: 168573.0, great: 166187.0, work: 161596.0, }, #clusters=1, movement=[[t1:1(0.40), t3:1(0.10), t4:1(0.20), t6:1(0.10), t7:1(0.20), t9:1(0.10), t10:1(0.20), t12:1(0.10), t13:1(0.20), t14:1(0.20), t15:1(0.30), t16:1(0.30), t17:1(0.10), t18:1(0.30), t19:1(0.20), ]], segments=[[0, 1, 2, 3, 4, 5, 6, 7, 8, 9]]}
PeriodicaResult{period=11.0, topic=0{job: 645842.0, hiring: 547921.0, jobs: 272261.0, careerarc: 253617.0, amp: 177255.0, day: 174478.0, latest: 173367.0, today: 168573.0, great: 166187.0, work: 161596.0, }, #clusters=3, movement=[[t0:3(0.09), t1:3(0.09), t2:3(0.09), t5:3(0.09), t6:3(0.18), t7:3(0.18), t8:3(0.18), t9:3(0.09), t10:3(0.09), ], [t6:3(0.33), ], [t3:3(0.20), t7:3(0.20), t8:3(0.20), t9:3(0.40), t10:3(0.20), ]], segments=[[1, 2, 3, 4, 5, 6, 7, 8, 9, 10, 11], [13, 14, 15], [17, 18, 19, 20, 21]]}
PeriodicaResult{period=24.0, topic=0{job: 645842.0, hiring: 547921.0, jobs: 272261.0, careerarc: 253617.0, amp: 177255.0, day: 174478.0, latest: 173367.0, today: 168573.0, great: 166187.0, work: 161596.0, }, #clusters=2, movement=[[t0:1(0.02)2(0.14)4(0.11)6(0.11)7(0.14)8(0.14)10(0.14)11(0.14)17(0.03)19(0.03), t1:2(0.38)4(0.07)7(0.38)10(0.17), t7:19(0.14), t8:19(0.29), t9:11(0.14)17(0.07)19(0.50), t10:6(0.03)11(0.09)12(0.13)16(0.23)17(0.06)19(0.23)21(0.23), t11:2(0.02)6(0.09)8(0.02)10(0.11)11(0.09)12(0.14)16(0.14)17(0.14)19(0.14)21(0.14), t12:2(0.03)6(0.03)7(0.11)8(0.07)10(0.11)11(0.09)12(0.11)16(0.11)17(0.11)19(0.11)21(0.11), t13:2(0.08)4(0.05)6(0.05)7(0.09)8(0.09)10(0.09)11(0.09)12(0.09)13(0.02)16(0.09)17(0.09)19(0.09)21(0.09), t14:2(0.08)4(0.02)6(0.08)7(0.08)8(0.08)10(0.08)11(0.08)12(0.08)13(0.07)16(0.08)17(0.08)19(0.08)21(0.08), t15:1(0.02)2(0.08)3(0.05)4(0.07)6(0.08)7(0.08)8(0.08)10(0.08)11(0.08)12(0.08)13(0.02)16(0.08)17(0.08)19(0.08)21(0.08), t16:1(0.07)2(0.07)3(0.07)4(0.07)6(0.07)7(0.07)8(0.07)10(0.07)11(0.07)12(0.07)13(0.01)16(0.07)17(0.07)19(0.07)21(0.07), t17:1(0.01)2(0.08)3(0.03)4(0.08)6(0.08)7(0.08)8(0.08)10(0.08)11(0.08)12(0.08)16(0.08)17(0.08)19(0.08)21(0.08), t18:1(0.06)2(0.08)3(0.02)4(0.08)6(0.08)7(0.08)8(0.08)10(0.08)11(0.08)12(0.08)16(0.08)17(0.08)19(0.08)21(0.08), t19:1(0.08)2(0.08)3(0.01)4(0.08)6(0.08)7(0.08)8(0.08)10(0.08)11(0.08)12(0.08)16(0.08)17(0.08)19(0.08)21(0.08), t20:2(0.08)3(0.01)4(0.08)6(0.08)7(0.08)8(0.08)10(0.08)11(0.08)12(0.08)16(0.08)17(0.08)19(0.08)21(0.08), t21:1(0.01)2(0.09)4(0.09)6(0.07)7(0.09)8(0.09)10(0.09)11(0.09)12(0.09)16(0.07)17(0.09)19(0.09)21(0.07), t22:1(0.01)2(0.09)4(0.08)6(0.07)7(0.09)8(0.09)10(0.09)11(0.09)12(0.07)16(0.07)17(0.09)19(0.09)21(0.07), t23:2(0.12)4(0.10)6(0.09)7(0.12)8(0.09)10(0.12)11(0.09)12(0.09)17(0.12)19(0.09), ], [t6:19(0.33), t7:19(1.00), t8:6(0.07)12(0.20)16(0.20)17(0.13)19(0.20)21(0.20), t9:6(0.05)10(0.15)11(0.10)12(0.15)16(0.15)17(0.15)19(0.15)21(0.10), t10:2(0.07)6(0.07)7(0.03)8(0.07)10(0.11)11(0.11)12(0.11)16(0.11)17(0.11)19(0.11)21(0.11), t11:2(0.09)3(0.03)4(0.09)6(0.06)7(0.09)8(0.06)10(0.09)11(0.09)12(0.09)16(0.09)17(0.09)19(0.09)21(0.09), t12:2(0.05)4(0.03)6(0.09)7(0.09)8(0.09)10(0.09)11(0.09)12(0.09)13(0.05)16(0.09)17(0.09)19(0.09)21(0.09), t13:1(0.02)2(0.07)3(0.07)4(0.07)6(0.07)7(0.07)8(0.07)10(0.07)11(0.07)12(0.07)13(0.02)16(0.07)17(0.07)19(0.07)21(0.07), t14:1(0.05)2(0.07)3(0.07)4(0.07)6(0.07)7(0.07)8(0.07)10(0.07)11(0.07)12(0.07)16(0.07)17(0.07)19(0.07)21(0.07), t15:1(0.03)2(0.08)3(0.05)4(0.08)6(0.08)7(0.08)8(0.08)10(0.08)11(0.08)12(0.08)16(0.08)17(0.08)19(0.08)21(0.08), t16:1(0.05)2(0.08)4(0.08)6(0.08)7(0.08)8(0.08)10(0.08)11(0.08)12(0.08)16(0.08)17(0.08)19(0.08)21(0.08), t17:1(0.05)2(0.08)4(0.08)6(0.08)7(0.08)8(0.08)10(0.08)11(0.08)12(0.08)16(0.08)17(0.08)19(0.08)21(0.08), t18:2(0.08)4(0.08)6(0.08)7(0.08)8(0.08)10(0.08)11(0.08)12(0.08)16(0.08)17(0.08)19(0.08)21(0.08), t19:2(0.08)4(0.08)6(0.08)7(0.08)8(0.08)10(0.08)11(0.08)12(0.08)16(0.08)17(0.08)19(0.08)21(0.08), t20:1(0.03)2(0.08)4(0.08)6(0.08)7(0.08)8(0.08)10(0.08)11(0.08)12(0.08)16(0.08)17(0.08)19(0.08)21(0.08), t21:2(0.10)4(0.10)6(0.10)7(0.10)8(0.10)10(0.10)11(0.10)12(0.10)17(0.10)19(0.10), t22:1(0.07)2(0.11)3(0.03)4(0.11)6(0.11)7(0.11)8(0.11)10(0.11)11(0.11)17(0.07)19(0.03), t23:1(0.06)2(0.23)4(0.23)7(0.23)10(0.12)17(0.07)19(0.06), ]], segments=[[0, 1, 2, 3, 4, 5, 6], [7, 8, 9]]}
PeriodicaResult{period=12.0, topic=1{like: 578735.0, amp: 345240.0, love: 319804.0, lol: 282960.0, know: 273936.0, got: 269217.0, good: 252658.0, time: 236807.0, people: 226165.0, want: 203006.0, }, #clusters=1, movement=[[t0:19(0.60), t1:19(0.50), t2:19(0.50), t3:19(0.50), t4:19(0.50), t5:19(0.50), t6:19(0.50), t7:19(0.40), t8:19(0.35), t9:19(0.25), t10:19(0.20), t11:19(0.20), ]], segments=[[0, 1, 2, 3, 4, 5, 6, 7, 8, 9, 10, 11, 12, 13, 14, 15, 16, 17, 18, 19]]}
Ref points:
0[]
1[Hawaii, US]
2[Oregon, US]
3[Nevada, US]
4[California, US]
5[]
6[Idaho, US]
7[Arizona, US]
8[Utah, US]
9[]
10[Colorado, US, Wyoming, US]
11[New Mexico, US]
12[Missouri, US, Iowa, US, Oklahoma, US, Kansas, US, Nebraska, US]
13[Texas, US]
14[]
15[]
16[New York, US, Maryland, US, Georgia, US, Indiana, US, Pennsylvania, US, Illinois, US, Virginia, US, Connecticut, US, Michigan, US, New Jersey, US, Ohio, US, Tennessee, US, South Carolina, US, West Virginia, US, Kentucky, US, Washington, D.C., US, Louisiana, US, North Carolina, US, Massachusetts, US, Alabama, US, Arkansas, US, Vermont, US, Mississippi, US, New Hampshire, US, Rhode Island, US, Delaware, US]
17[Minnesota, US]
18[]
19[Wisconsin, US]
20[]
21[Florida, US]
------------------
Iteration 7
------------------
RESULTS:
PeriodicaResult{period=8.0, topic=0{job: 645842.0, hiring: 547921.0, jobs: 272261.0, careerarc: 253617.0, amp: 177255.0, day: 174478.0, latest: 173367.0, today: 168573.0, great: 166187.0, work: 161596.0, }, #clusters=2, movement=[[t0:3(0.29), t1:3(0.12), t2:3(0.06), t7:3(0.29), ], [t0:3(0.25), ]], segments=[[0, 1, 2, 3, 4, 5, 6, 7, 8, 9, 10, 11, 12, 13, 14, 15, 16], [18, 19, 20, 21]]}
PeriodicaResult{period=11.0, topic=0{job: 645842.0, hiring: 547921.0, jobs: 272261.0, careerarc: 253617.0, amp: 177255.0, day: 174478.0, latest: 173367.0, today: 168573.0, great: 166187.0, work: 161596.0, }, #clusters=3, movement=[[t0:3(0.09), t1:3(0.09), t2:3(0.09), t5:3(0.09), t6:3(0.18), t7:3(0.18), t8:3(0.18), t9:3(0.09), t10:3(0.09), ], [t6:3(0.33), ], [t3:3(0.20), t7:3(0.20), t8:3(0.20), t9:3(0.40), t10:3(0.20), ]], segments=[[1, 2, 3, 4, 5, 6, 7, 8, 9, 10, 11], [13, 14, 15], [17, 18, 19, 20, 21]]}
PeriodicaResult{period=24.0, topic=0{job: 645842.0, hiring: 547921.0, jobs: 272261.0, careerarc: 253617.0, amp: 177255.0, day: 174478.0, latest: 173367.0, today: 168573.0, great: 166187.0, work: 161596.0, }, #clusters=2, movement=[[t0:1(0.02)2(0.14)4(0.11)6(0.11)7(0.14)8(0.14)10(0.14)11(0.14)17(0.03)19(0.03), t1:2(0.38)4(0.07)7(0.38)10(0.17), t7:19(0.14), t8:19(0.29), t9:11(0.14)17(0.07)19(0.50), t10:6(0.03)11(0.09)12(0.13)16(0.23)17(0.06)19(0.23)21(0.23), t11:2(0.02)6(0.09)8(0.02)10(0.11)11(0.09)12(0.14)16(0.14)17(0.14)19(0.14)21(0.14), t12:2(0.03)6(0.03)7(0.11)8(0.07)10(0.11)11(0.09)12(0.11)16(0.11)17(0.11)19(0.11)21(0.11), t13:2(0.08)4(0.05)6(0.05)7(0.09)8(0.09)10(0.09)11(0.09)12(0.09)13(0.02)16(0.09)17(0.09)19(0.09)21(0.09), t14:2(0.08)4(0.02)6(0.08)7(0.08)8(0.08)10(0.08)11(0.08)12(0.08)13(0.07)16(0.08)17(0.08)19(0.08)21(0.08), t15:1(0.02)2(0.08)3(0.05)4(0.07)6(0.08)7(0.08)8(0.08)10(0.08)11(0.08)12(0.08)13(0.02)16(0.08)17(0.08)19(0.08)21(0.08), t16:1(0.07)2(0.07)3(0.07)4(0.07)6(0.07)7(0.07)8(0.07)10(0.07)11(0.07)12(0.07)13(0.01)16(0.07)17(0.07)19(0.07)21(0.07), t17:1(0.01)2(0.08)3(0.03)4(0.08)6(0.08)7(0.08)8(0.08)10(0.08)11(0.08)12(0.08)16(0.08)17(0.08)19(0.08)21(0.08), t18:1(0.06)2(0.08)3(0.02)4(0.08)6(0.08)7(0.08)8(0.08)10(0.08)11(0.08)12(0.08)16(0.08)17(0.08)19(0.08)21(0.08), t19:1(0.08)2(0.08)3(0.01)4(0.08)6(0.08)7(0.08)8(0.08)10(0.08)11(0.08)12(0.08)16(0.08)17(0.08)19(0.08)21(0.08), t20:2(0.08)3(0.01)4(0.08)6(0.08)7(0.08)8(0.08)10(0.08)11(0.08)12(0.08)16(0.08)17(0.08)19(0.08)21(0.08), t21:1(0.01)2(0.09)4(0.09)6(0.07)7(0.09)8(0.09)10(0.09)11(0.09)12(0.09)16(0.07)17(0.09)19(0.09)21(0.07), t22:1(0.01)2(0.09)4(0.08)6(0.07)7(0.09)8(0.09)10(0.09)11(0.09)12(0.07)16(0.07)17(0.09)19(0.09)21(0.07), t23:2(0.12)4(0.10)6(0.09)7(0.12)8(0.09)10(0.12)11(0.09)12(0.09)17(0.12)19(0.09), ], [t6:19(0.33), t7:19(1.00), t8:6(0.07)12(0.20)16(0.20)17(0.13)19(0.20)21(0.20), t9:6(0.05)10(0.15)11(0.10)12(0.15)16(0.15)17(0.15)19(0.15)21(0.10), t10:2(0.07)6(0.07)7(0.03)8(0.07)10(0.11)11(0.11)12(0.11)16(0.11)17(0.11)19(0.11)21(0.11), t11:2(0.09)3(0.03)4(0.09)6(0.06)7(0.09)8(0.06)10(0.09)11(0.09)12(0.09)16(0.09)17(0.09)19(0.09)21(0.09), t12:2(0.05)4(0.03)6(0.09)7(0.09)8(0.09)10(0.09)11(0.09)12(0.09)13(0.05)16(0.09)17(0.09)19(0.09)21(0.09), t13:1(0.02)2(0.07)3(0.07)4(0.07)6(0.07)7(0.07)8(0.07)10(0.07)11(0.07)12(0.07)13(0.02)16(0.07)17(0.07)19(0.07)21(0.07), t14:1(0.05)2(0.07)3(0.07)4(0.07)6(0.07)7(0.07)8(0.07)10(0.07)11(0.07)12(0.07)16(0.07)17(0.07)19(0.07)21(0.07), t15:1(0.03)2(0.08)3(0.05)4(0.08)6(0.08)7(0.08)8(0.08)10(0.08)11(0.08)12(0.08)16(0.08)17(0.08)19(0.08)21(0.08), t16:1(0.05)2(0.08)4(0.08)6(0.08)7(0.08)8(0.08)10(0.08)11(0.08)12(0.08)16(0.08)17(0.08)19(0.08)21(0.08), t17:1(0.05)2(0.08)4(0.08)6(0.08)7(0.08)8(0.08)10(0.08)11(0.08)12(0.08)16(0.08)17(0.08)19(0.08)21(0.08), t18:2(0.08)4(0.08)6(0.08)7(0.08)8(0.08)10(0.08)11(0.08)12(0.08)16(0.08)17(0.08)19(0.08)21(0.08), t19:2(0.08)4(0.08)6(0.08)7(0.08)8(0.08)10(0.08)11(0.08)12(0.08)16(0.08)17(0.08)19(0.08)21(0.08), t20:1(0.03)2(0.08)4(0.08)6(0.08)7(0.08)8(0.08)10(0.08)11(0.08)12(0.08)16(0.08)17(0.08)19(0.08)21(0.08), t21:2(0.10)4(0.10)6(0.10)7(0.10)8(0.10)10(0.10)11(0.10)12(0.10)17(0.10)19(0.10), t22:1(0.07)2(0.11)3(0.03)4(0.11)6(0.11)7(0.11)8(0.11)10(0.11)11(0.11)17(0.07)19(0.03), t23:1(0.06)2(0.23)4(0.23)7(0.23)10(0.12)17(0.07)19(0.06), ]], segments=[[0, 1, 2, 3, 4, 5, 6], [7, 8, 9]]}
PeriodicaResult{period=12.0, topic=1{like: 578735.0, amp: 345240.0, love: 319804.0, lol: 282960.0, know: 273936.0, got: 269217.0, good: 252658.0, time: 236807.0, people: 226165.0, want: 203006.0, }, #clusters=1, movement=[[t0:19(0.60), t1:19(0.50), t2:19(0.50), t3:19(0.50), t4:19(0.50), t5:19(0.50), t6:19(0.50), t7:19(0.40), t8:19(0.35), t9:19(0.25), t10:19(0.20), t11:19(0.20), ]], segments=[[0, 1, 2, 3, 4, 5, 6, 7, 8, 9, 10, 11, 12, 13, 14, 15, 16, 17, 18, 19]]}
Ref points:
0[]
1[Hawaii, US]
2[Oregon, US]
3[Nevada, US]
4[California, US]
5[]
6[Idaho, US]
7[Arizona, US]
8[Utah, US]
9[]
10[Colorado, US, Wyoming, US]
11[New Mexico, US]
12[Missouri, US, Iowa, US, Oklahoma, US, Kansas, US, Nebraska, US]
13[Texas, US]
14[]
15[]
16[New York, US, Maryland, US, Georgia, US, Indiana, US, Pennsylvania, US, Illinois, US, Virginia, US, Connecticut, US, Michigan, US, New Jersey, US, Ohio, US, Tennessee, US, South Carolina, US, West Virginia, US, Kentucky, US, Washington, D.C., US, Louisiana, US, North Carolina, US, Massachusetts, US, Alabama, US, Arkansas, US, Vermont, US, Mississippi, US, New Hampshire, US, Rhode Island, US, Delaware, US]
17[Minnesota, US]
18[]
19[Wisconsin, US]
20[]
21[Florida, US]
------------------
Iteration 8
------------------
RESULTS:
PeriodicaResult{period=8.0, topic=0{job: 645842.0, hiring: 547921.0, jobs: 272261.0, careerarc: 253617.0, amp: 177255.0, day: 174478.0, latest: 173367.0, today: 168573.0, great: 166187.0, work: 161596.0, }, #clusters=2, movement=[[t0:3(0.29), t1:3(0.12), t2:3(0.06), t7:3(0.29), ], [t0:3(0.25), ]], segments=[[0, 1, 2, 3, 4, 5, 6, 7, 8, 9, 10, 11, 12, 13, 14, 15, 16], [18, 19, 20, 21]]}
PeriodicaResult{period=21.0, topic=0{job: 645842.0, hiring: 547921.0, jobs: 272261.0, careerarc: 253617.0, amp: 177255.0, day: 174478.0, latest: 173367.0, today: 168573.0, great: 166187.0, work: 161596.0, }, #clusters=1, movement=[[t1:1(0.40), t3:1(0.10), t4:1(0.20), t6:1(0.10), t7:1(0.20), t9:1(0.10), t10:1(0.20), t12:1(0.10), t13:1(0.20), t14:1(0.20), t15:1(0.30), t16:1(0.30), t17:1(0.10), t18:1(0.30), t19:1(0.20), ]], segments=[[0, 1, 2, 3, 4, 5, 6, 7, 8, 9]]}
PeriodicaResult{period=11.0, topic=0{job: 645842.0, hiring: 547921.0, jobs: 272261.0, careerarc: 253617.0, amp: 177255.0, day: 174478.0, latest: 173367.0, today: 168573.0, great: 166187.0, work: 161596.0, }, #clusters=3, movement=[[t0:3(0.09), t1:3(0.09), t2:3(0.09), t5:3(0.09), t6:3(0.18), t7:3(0.18), t8:3(0.18), t9:3(0.09), t10:3(0.09), ], [t6:3(0.33), ], [t3:3(0.20), t7:3(0.20), t8:3(0.20), t9:3(0.40), t10:3(0.20), ]], segments=[[1, 2, 3, 4, 5, 6, 7, 8, 9, 10, 11], [13, 14, 15], [17, 18, 19, 20, 21]]}
PeriodicaResult{period=24.0, topic=0{job: 645842.0, hiring: 547921.0, jobs: 272261.0, careerarc: 253617.0, amp: 177255.0, day: 174478.0, latest: 173367.0, today: 168573.0, great: 166187.0, work: 161596.0, }, #clusters=2, movement=[[t0:1(0.02)2(0.14)4(0.11)6(0.11)7(0.14)8(0.14)10(0.14)11(0.14)17(0.03)19(0.03), t1:2(0.38)4(0.07)7(0.38)10(0.17), t7:19(0.14), t8:19(0.29), t9:11(0.14)17(0.07)19(0.50), t10:6(0.03)11(0.09)12(0.13)16(0.23)17(0.06)19(0.23)21(0.23), t11:2(0.02)6(0.09)8(0.02)10(0.11)11(0.09)12(0.14)16(0.14)17(0.14)19(0.14)21(0.14), t12:2(0.03)6(0.03)7(0.11)8(0.07)10(0.11)11(0.09)12(0.11)16(0.11)17(0.11)19(0.11)21(0.11), t13:2(0.08)4(0.05)6(0.05)7(0.09)8(0.09)10(0.09)11(0.09)12(0.09)13(0.02)16(0.09)17(0.09)19(0.09)21(0.09), t14:2(0.08)4(0.02)6(0.08)7(0.08)8(0.08)10(0.08)11(0.08)12(0.08)13(0.07)16(0.08)17(0.08)19(0.08)21(0.08), t15:1(0.02)2(0.08)3(0.05)4(0.07)6(0.08)7(0.08)8(0.08)10(0.08)11(0.08)12(0.08)13(0.02)16(0.08)17(0.08)19(0.08)21(0.08), t16:1(0.07)2(0.07)3(0.07)4(0.07)6(0.07)7(0.07)8(0.07)10(0.07)11(0.07)12(0.07)13(0.01)16(0.07)17(0.07)19(0.07)21(0.07), t17:1(0.01)2(0.08)3(0.03)4(0.08)6(0.08)7(0.08)8(0.08)10(0.08)11(0.08)12(0.08)16(0.08)17(0.08)19(0.08)21(0.08), t18:1(0.06)2(0.08)3(0.02)4(0.08)6(0.08)7(0.08)8(0.08)10(0.08)11(0.08)12(0.08)16(0.08)17(0.08)19(0.08)21(0.08), t19:1(0.08)2(0.08)3(0.01)4(0.08)6(0.08)7(0.08)8(0.08)10(0.08)11(0.08)12(0.08)16(0.08)17(0.08)19(0.08)21(0.08), t20:2(0.08)3(0.01)4(0.08)6(0.08)7(0.08)8(0.08)10(0.08)11(0.08)12(0.08)16(0.08)17(0.08)19(0.08)21(0.08), t21:1(0.01)2(0.09)4(0.09)6(0.07)7(0.09)8(0.09)10(0.09)11(0.09)12(0.09)16(0.07)17(0.09)19(0.09)21(0.07), t22:1(0.01)2(0.09)4(0.08)6(0.07)7(0.09)8(0.09)10(0.09)11(0.09)12(0.07)16(0.07)17(0.09)19(0.09)21(0.07), t23:2(0.12)4(0.10)6(0.09)7(0.12)8(0.09)10(0.12)11(0.09)12(0.09)17(0.12)19(0.09), ], [t6:19(0.33), t7:19(1.00), t8:6(0.07)12(0.20)16(0.20)17(0.13)19(0.20)21(0.20), t9:6(0.05)10(0.15)11(0.10)12(0.15)16(0.15)17(0.15)19(0.15)21(0.10), t10:2(0.07)6(0.07)7(0.03)8(0.07)10(0.11)11(0.11)12(0.11)16(0.11)17(0.11)19(0.11)21(0.11), t11:2(0.09)3(0.03)4(0.09)6(0.06)7(0.09)8(0.06)10(0.09)11(0.09)12(0.09)16(0.09)17(0.09)19(0.09)21(0.09), t12:2(0.05)4(0.03)6(0.09)7(0.09)8(0.09)10(0.09)11(0.09)12(0.09)13(0.05)16(0.09)17(0.09)19(0.09)21(0.09), t13:1(0.02)2(0.07)3(0.07)4(0.07)6(0.07)7(0.07)8(0.07)10(0.07)11(0.07)12(0.07)13(0.02)16(0.07)17(0.07)19(0.07)21(0.07), t14:1(0.05)2(0.07)3(0.07)4(0.07)6(0.07)7(0.07)8(0.07)10(0.07)11(0.07)12(0.07)16(0.07)17(0.07)19(0.07)21(0.07), t15:1(0.03)2(0.08)3(0.05)4(0.08)6(0.08)7(0.08)8(0.08)10(0.08)11(0.08)12(0.08)16(0.08)17(0.08)19(0.08)21(0.08), t16:1(0.05)2(0.08)4(0.08)6(0.08)7(0.08)8(0.08)10(0.08)11(0.08)12(0.08)16(0.08)17(0.08)19(0.08)21(0.08), t17:1(0.05)2(0.08)4(0.08)6(0.08)7(0.08)8(0.08)10(0.08)11(0.08)12(0.08)16(0.08)17(0.08)19(0.08)21(0.08), t18:2(0.08)4(0.08)6(0.08)7(0.08)8(0.08)10(0.08)11(0.08)12(0.08)16(0.08)17(0.08)19(0.08)21(0.08), t19:2(0.08)4(0.08)6(0.08)7(0.08)8(0.08)10(0.08)11(0.08)12(0.08)16(0.08)17(0.08)19(0.08)21(0.08), t20:1(0.03)2(0.08)4(0.08)6(0.08)7(0.08)8(0.08)10(0.08)11(0.08)12(0.08)16(0.08)17(0.08)19(0.08)21(0.08), t21:2(0.10)4(0.10)6(0.10)7(0.10)8(0.10)10(0.10)11(0.10)12(0.10)17(0.10)19(0.10), t22:1(0.07)2(0.11)3(0.03)4(0.11)6(0.11)7(0.11)8(0.11)10(0.11)11(0.11)17(0.07)19(0.03), t23:1(0.06)2(0.23)4(0.23)7(0.23)10(0.12)17(0.07)19(0.06), ]], segments=[[0, 1, 2, 3, 4, 5, 6], [7, 8, 9]]}
PeriodicaResult{period=12.0, topic=1{like: 578735.0, amp: 345240.0, love: 319804.0, lol: 282960.0, know: 273936.0, got: 269217.0, good: 252658.0, time: 236807.0, people: 226165.0, want: 203006.0, }, #clusters=1, movement=[[t0:19(0.60), t1:19(0.50), t2:19(0.50), t3:19(0.50), t4:19(0.50), t5:19(0.50), t6:19(0.50), t7:19(0.40), t8:19(0.35), t9:19(0.25), t10:19(0.20), t11:19(0.20), ]], segments=[[0, 1, 2, 3, 4, 5, 6, 7, 8, 9, 10, 11, 12, 13, 14, 15, 16, 17, 18, 19]]}
Ref points:
0[]
1[Hawaii, US]
2[Oregon, US]
3[Nevada, US]
4[California, US]
5[]
6[Idaho, US]
7[Arizona, US]
8[Utah, US]
9[]
10[Colorado, US, Wyoming, US]
11[New Mexico, US]
12[Missouri, US, Iowa, US, Oklahoma, US, Kansas, US, Nebraska, US]
13[Texas, US]
14[]
15[]
16[New York, US, Maryland, US, Georgia, US, Indiana, US, Pennsylvania, US, Illinois, US, Virginia, US, Connecticut, US, Michigan, US, New Jersey, US, Ohio, US, Tennessee, US, South Carolina, US, West Virginia, US, Kentucky, US, Washington, D.C., US, Louisiana, US, North Carolina, US, Massachusetts, US, Alabama, US, Arkansas, US, Vermont, US, Mississippi, US, New Hampshire, US, Rhode Island, US, Delaware, US]
17[Minnesota, US]
18[]
19[Wisconsin, US]
20[]
21[Florida, US]
------------------
Iteration 9
------------------
RESULTS:
PeriodicaResult{period=11.0, topic=0{job: 645842.0, hiring: 547921.0, jobs: 272261.0, careerarc: 253617.0, amp: 177255.0, day: 174478.0, latest: 173367.0, today: 168573.0, great: 166187.0, work: 161596.0, }, #clusters=3, movement=[[t0:3(0.09), t1:3(0.09), t2:3(0.09), t5:3(0.09), t6:3(0.18), t7:3(0.18), t8:3(0.18), t9:3(0.09), t10:3(0.09), ], [t6:3(0.33), ], [t3:3(0.20), t7:3(0.20), t8:3(0.20), t9:3(0.40), t10:3(0.20), ]], segments=[[1, 2, 3, 4, 5, 6, 7, 8, 9, 10, 11], [13, 14, 15], [17, 18, 19, 20, 21]]}
PeriodicaResult{period=24.0, topic=0{job: 645842.0, hiring: 547921.0, jobs: 272261.0, careerarc: 253617.0, amp: 177255.0, day: 174478.0, latest: 173367.0, today: 168573.0, great: 166187.0, work: 161596.0, }, #clusters=2, movement=[[t0:1(0.02)2(0.14)4(0.11)6(0.11)7(0.14)8(0.14)10(0.14)11(0.14)17(0.03)19(0.03), t1:2(0.38)4(0.07)7(0.38)10(0.17), t7:19(0.14), t8:19(0.29), t9:11(0.14)17(0.07)19(0.50), t10:6(0.03)11(0.09)12(0.13)16(0.23)17(0.06)19(0.23)21(0.23), t11:2(0.02)6(0.09)8(0.02)10(0.11)11(0.09)12(0.14)16(0.14)17(0.14)19(0.14)21(0.14), t12:2(0.03)6(0.03)7(0.11)8(0.07)10(0.11)11(0.09)12(0.11)16(0.11)17(0.11)19(0.11)21(0.11), t13:2(0.08)4(0.05)6(0.05)7(0.09)8(0.09)10(0.09)11(0.09)12(0.09)13(0.02)16(0.09)17(0.09)19(0.09)21(0.09), t14:2(0.08)4(0.02)6(0.08)7(0.08)8(0.08)10(0.08)11(0.08)12(0.08)13(0.07)16(0.08)17(0.08)19(0.08)21(0.08), t15:1(0.02)2(0.08)3(0.05)4(0.07)6(0.08)7(0.08)8(0.08)10(0.08)11(0.08)12(0.08)13(0.02)16(0.08)17(0.08)19(0.08)21(0.08), t16:1(0.07)2(0.07)3(0.07)4(0.07)6(0.07)7(0.07)8(0.07)10(0.07)11(0.07)12(0.07)13(0.01)16(0.07)17(0.07)19(0.07)21(0.07), t17:1(0.01)2(0.08)3(0.03)4(0.08)6(0.08)7(0.08)8(0.08)10(0.08)11(0.08)12(0.08)16(0.08)17(0.08)19(0.08)21(0.08), t18:1(0.06)2(0.08)3(0.02)4(0.08)6(0.08)7(0.08)8(0.08)10(0.08)11(0.08)12(0.08)16(0.08)17(0.08)19(0.08)21(0.08), t19:1(0.08)2(0.08)3(0.01)4(0.08)6(0.08)7(0.08)8(0.08)10(0.08)11(0.08)12(0.08)16(0.08)17(0.08)19(0.08)21(0.08), t20:2(0.08)3(0.01)4(0.08)6(0.08)7(0.08)8(0.08)10(0.08)11(0.08)12(0.08)16(0.08)17(0.08)19(0.08)21(0.08), t21:1(0.01)2(0.09)4(0.09)6(0.07)7(0.09)8(0.09)10(0.09)11(0.09)12(0.09)16(0.07)17(0.09)19(0.09)21(0.07), t22:1(0.01)2(0.09)4(0.08)6(0.07)7(0.09)8(0.09)10(0.09)11(0.09)12(0.07)16(0.07)17(0.09)19(0.09)21(0.07), t23:2(0.12)4(0.10)6(0.09)7(0.12)8(0.09)10(0.12)11(0.09)12(0.09)17(0.12)19(0.09), ], [t6:19(0.33), t7:19(1.00), t8:6(0.07)12(0.20)16(0.20)17(0.13)19(0.20)21(0.20), t9:6(0.05)10(0.15)11(0.10)12(0.15)16(0.15)17(0.15)19(0.15)21(0.10), t10:2(0.07)6(0.07)7(0.03)8(0.07)10(0.11)11(0.11)12(0.11)16(0.11)17(0.11)19(0.11)21(0.11), t11:2(0.09)3(0.03)4(0.09)6(0.06)7(0.09)8(0.06)10(0.09)11(0.09)12(0.09)16(0.09)17(0.09)19(0.09)21(0.09), t12:2(0.05)4(0.03)6(0.09)7(0.09)8(0.09)10(0.09)11(0.09)12(0.09)13(0.05)16(0.09)17(0.09)19(0.09)21(0.09), t13:1(0.02)2(0.07)3(0.07)4(0.07)6(0.07)7(0.07)8(0.07)10(0.07)11(0.07)12(0.07)13(0.02)16(0.07)17(0.07)19(0.07)21(0.07), t14:1(0.05)2(0.07)3(0.07)4(0.07)6(0.07)7(0.07)8(0.07)10(0.07)11(0.07)12(0.07)16(0.07)17(0.07)19(0.07)21(0.07), t15:1(0.03)2(0.08)3(0.05)4(0.08)6(0.08)7(0.08)8(0.08)10(0.08)11(0.08)12(0.08)16(0.08)17(0.08)19(0.08)21(0.08), t16:1(0.05)2(0.08)4(0.08)6(0.08)7(0.08)8(0.08)10(0.08)11(0.08)12(0.08)16(0.08)17(0.08)19(0.08)21(0.08), t17:1(0.05)2(0.08)4(0.08)6(0.08)7(0.08)8(0.08)10(0.08)11(0.08)12(0.08)16(0.08)17(0.08)19(0.08)21(0.08), t18:2(0.08)4(0.08)6(0.08)7(0.08)8(0.08)10(0.08)11(0.08)12(0.08)16(0.08)17(0.08)19(0.08)21(0.08), t19:2(0.08)4(0.08)6(0.08)7(0.08)8(0.08)10(0.08)11(0.08)12(0.08)16(0.08)17(0.08)19(0.08)21(0.08), t20:1(0.03)2(0.08)4(0.08)6(0.08)7(0.08)8(0.08)10(0.08)11(0.08)12(0.08)16(0.08)17(0.08)19(0.08)21(0.08), t21:2(0.10)4(0.10)6(0.10)7(0.10)8(0.10)10(0.10)11(0.10)12(0.10)17(0.10)19(0.10), t22:1(0.07)2(0.11)3(0.03)4(0.11)6(0.11)7(0.11)8(0.11)10(0.11)11(0.11)17(0.07)19(0.03), t23:1(0.06)2(0.23)4(0.23)7(0.23)10(0.12)17(0.07)19(0.06), ]], segments=[[0, 1, 2, 3, 4, 5, 6], [7, 8, 9]]}
PeriodicaResult{period=12.0, topic=1{like: 578735.0, amp: 345240.0, love: 319804.0, lol: 282960.0, know: 273936.0, got: 269217.0, good: 252658.0, time: 236807.0, people: 226165.0, want: 203006.0, }, #clusters=1, movement=[[t0:19(0.60), t1:19(0.50), t2:19(0.50), t3:19(0.50), t4:19(0.50), t5:19(0.50), t6:19(0.50), t7:19(0.40), t8:19(0.35), t9:19(0.25), t10:19(0.20), t11:19(0.20), ]], segments=[[0, 1, 2, 3, 4, 5, 6, 7, 8, 9, 10, 11, 12, 13, 14, 15, 16, 17, 18, 19]]}
Ref points:
0[]
1[Hawaii, US]
2[Oregon, US]
3[Nevada, US]
4[California, US]
5[]
6[Idaho, US]
7[Arizona, US]
8[Utah, US]
9[]
10[Colorado, US, Wyoming, US]
11[New Mexico, US]
12[Missouri, US, Iowa, US, Oklahoma, US, Kansas, US, Nebraska, US]
13[Texas, US]
14[]
15[]
16[New York, US, Maryland, US, Georgia, US, Indiana, US, Pennsylvania, US, Illinois, US, Virginia, US, Connecticut, US, Michigan, US, New Jersey, US, Ohio, US, Tennessee, US, South Carolina, US, West Virginia, US, Kentucky, US, Washington, D.C., US, Louisiana, US, North Carolina, US, Massachusetts, US, Alabama, US, Arkansas, US, Vermont, US, Mississippi, US, New Hampshire, US, Rhode Island, US, Delaware, US]
17[Minnesota, US]
18[]
19[Wisconsin, US]
20[]
21[Florida, US]
------------------
Iteration 10
------------------
RESULTS:
PeriodicaResult{period=8.0, topic=0{job: 645842.0, hiring: 547921.0, jobs: 272261.0, careerarc: 253617.0, amp: 177255.0, day: 174478.0, latest: 173367.0, today: 168573.0, great: 166187.0, work: 161596.0, }, #clusters=2, movement=[[t0:3(0.29), t1:3(0.12), t2:3(0.06), t7:3(0.29), ], [t0:3(0.25), ]], segments=[[0, 1, 2, 3, 4, 5, 6, 7, 8, 9, 10, 11, 12, 13, 14, 15, 16], [18, 19, 20, 21]]}
PeriodicaResult{period=11.0, topic=0{job: 645842.0, hiring: 547921.0, jobs: 272261.0, careerarc: 253617.0, amp: 177255.0, day: 174478.0, latest: 173367.0, today: 168573.0, great: 166187.0, work: 161596.0, }, #clusters=3, movement=[[t0:3(0.09), t1:3(0.09), t2:3(0.09), t5:3(0.09), t6:3(0.18), t7:3(0.18), t8:3(0.18), t9:3(0.09), t10:3(0.09), ], [t6:3(0.33), ], [t3:3(0.20), t7:3(0.20), t8:3(0.20), t9:3(0.40), t10:3(0.20), ]], segments=[[1, 2, 3, 4, 5, 6, 7, 8, 9, 10, 11], [13, 14, 15], [17, 18, 19, 20, 21]]}
PeriodicaResult{period=24.0, topic=0{job: 645842.0, hiring: 547921.0, jobs: 272261.0, careerarc: 253617.0, amp: 177255.0, day: 174478.0, latest: 173367.0, today: 168573.0, great: 166187.0, work: 161596.0, }, #clusters=2, movement=[[t0:1(0.02)2(0.14)4(0.11)6(0.11)7(0.14)8(0.14)10(0.14)11(0.14)17(0.03)19(0.03), t1:2(0.38)4(0.07)7(0.38)10(0.17), t7:19(0.14), t8:19(0.29), t9:11(0.14)17(0.07)19(0.50), t10:6(0.03)11(0.09)12(0.13)16(0.23)17(0.06)19(0.23)21(0.23), t11:2(0.02)6(0.09)8(0.02)10(0.11)11(0.09)12(0.14)16(0.14)17(0.14)19(0.14)21(0.14), t12:2(0.03)6(0.03)7(0.11)8(0.07)10(0.11)11(0.09)12(0.11)16(0.11)17(0.11)19(0.11)21(0.11), t13:2(0.08)4(0.05)6(0.05)7(0.09)8(0.09)10(0.09)11(0.09)12(0.09)13(0.02)16(0.09)17(0.09)19(0.09)21(0.09), t14:2(0.08)4(0.02)6(0.08)7(0.08)8(0.08)10(0.08)11(0.08)12(0.08)13(0.07)16(0.08)17(0.08)19(0.08)21(0.08), t15:1(0.02)2(0.08)3(0.05)4(0.07)6(0.08)7(0.08)8(0.08)10(0.08)11(0.08)12(0.08)13(0.02)16(0.08)17(0.08)19(0.08)21(0.08), t16:1(0.07)2(0.07)3(0.07)4(0.07)6(0.07)7(0.07)8(0.07)10(0.07)11(0.07)12(0.07)13(0.01)16(0.07)17(0.07)19(0.07)21(0.07), t17:1(0.01)2(0.08)3(0.03)4(0.08)6(0.08)7(0.08)8(0.08)10(0.08)11(0.08)12(0.08)16(0.08)17(0.08)19(0.08)21(0.08), t18:1(0.06)2(0.08)3(0.02)4(0.08)6(0.08)7(0.08)8(0.08)10(0.08)11(0.08)12(0.08)16(0.08)17(0.08)19(0.08)21(0.08), t19:1(0.08)2(0.08)3(0.01)4(0.08)6(0.08)7(0.08)8(0.08)10(0.08)11(0.08)12(0.08)16(0.08)17(0.08)19(0.08)21(0.08), t20:2(0.08)3(0.01)4(0.08)6(0.08)7(0.08)8(0.08)10(0.08)11(0.08)12(0.08)16(0.08)17(0.08)19(0.08)21(0.08), t21:1(0.01)2(0.09)4(0.09)6(0.07)7(0.09)8(0.09)10(0.09)11(0.09)12(0.09)16(0.07)17(0.09)19(0.09)21(0.07), t22:1(0.01)2(0.09)4(0.08)6(0.07)7(0.09)8(0.09)10(0.09)11(0.09)12(0.07)16(0.07)17(0.09)19(0.09)21(0.07), t23:2(0.12)4(0.10)6(0.09)7(0.12)8(0.09)10(0.12)11(0.09)12(0.09)17(0.12)19(0.09), ], [t6:19(0.33), t7:19(1.00), t8:6(0.07)12(0.20)16(0.20)17(0.13)19(0.20)21(0.20), t9:6(0.05)10(0.15)11(0.10)12(0.15)16(0.15)17(0.15)19(0.15)21(0.10), t10:2(0.07)6(0.07)7(0.03)8(0.07)10(0.11)11(0.11)12(0.11)16(0.11)17(0.11)19(0.11)21(0.11), t11:2(0.09)3(0.03)4(0.09)6(0.06)7(0.09)8(0.06)10(0.09)11(0.09)12(0.09)16(0.09)17(0.09)19(0.09)21(0.09), t12:2(0.05)4(0.03)6(0.09)7(0.09)8(0.09)10(0.09)11(0.09)12(0.09)13(0.05)16(0.09)17(0.09)19(0.09)21(0.09), t13:1(0.02)2(0.07)3(0.07)4(0.07)6(0.07)7(0.07)8(0.07)10(0.07)11(0.07)12(0.07)13(0.02)16(0.07)17(0.07)19(0.07)21(0.07), t14:1(0.05)2(0.07)3(0.07)4(0.07)6(0.07)7(0.07)8(0.07)10(0.07)11(0.07)12(0.07)16(0.07)17(0.07)19(0.07)21(0.07), t15:1(0.03)2(0.08)3(0.05)4(0.08)6(0.08)7(0.08)8(0.08)10(0.08)11(0.08)12(0.08)16(0.08)17(0.08)19(0.08)21(0.08), t16:1(0.05)2(0.08)4(0.08)6(0.08)7(0.08)8(0.08)10(0.08)11(0.08)12(0.08)16(0.08)17(0.08)19(0.08)21(0.08), t17:1(0.05)2(0.08)4(0.08)6(0.08)7(0.08)8(0.08)10(0.08)11(0.08)12(0.08)16(0.08)17(0.08)19(0.08)21(0.08), t18:2(0.08)4(0.08)6(0.08)7(0.08)8(0.08)10(0.08)11(0.08)12(0.08)16(0.08)17(0.08)19(0.08)21(0.08), t19:2(0.08)4(0.08)6(0.08)7(0.08)8(0.08)10(0.08)11(0.08)12(0.08)16(0.08)17(0.08)19(0.08)21(0.08), t20:1(0.03)2(0.08)4(0.08)6(0.08)7(0.08)8(0.08)10(0.08)11(0.08)12(0.08)16(0.08)17(0.08)19(0.08)21(0.08), t21:2(0.10)4(0.10)6(0.10)7(0.10)8(0.10)10(0.10)11(0.10)12(0.10)17(0.10)19(0.10), t22:1(0.07)2(0.11)3(0.03)4(0.11)6(0.11)7(0.11)8(0.11)10(0.11)11(0.11)17(0.07)19(0.03), t23:1(0.06)2(0.23)4(0.23)7(0.23)10(0.12)17(0.07)19(0.06), ]], segments=[[0, 1, 2, 3, 4, 5, 6], [7, 8, 9]]}
PeriodicaResult{period=12.0, topic=1{like: 578735.0, amp: 345240.0, love: 319804.0, lol: 282960.0, know: 273936.0, got: 269217.0, good: 252658.0, time: 236807.0, people: 226165.0, want: 203006.0, }, #clusters=1, movement=[[t0:19(0.60), t1:19(0.50), t2:19(0.50), t3:19(0.50), t4:19(0.50), t5:19(0.50), t6:19(0.50), t7:19(0.40), t8:19(0.35), t9:19(0.25), t10:19(0.20), t11:19(0.20), ]], segments=[[0, 1, 2, 3, 4, 5, 6, 7, 8, 9, 10, 11, 12, 13, 14, 15, 16, 17, 18, 19]]}
Ref points:
0[]
1[Hawaii, US]
2[Oregon, US]
3[Nevada, US]
4[California, US]
5[]
6[Idaho, US]
7[Arizona, US]
8[Utah, US]
9[]
10[Colorado, US, Wyoming, US]
11[New Mexico, US]
12[Missouri, US, Iowa, US, Oklahoma, US, Kansas, US, Nebraska, US]
13[Texas, US]
14[]
15[]
16[New York, US, Maryland, US, Georgia, US, Indiana, US, Pennsylvania, US, Illinois, US, Virginia, US, Connecticut, US, Michigan, US, New Jersey, US, Ohio, US, Tennessee, US, South Carolina, US, West Virginia, US, Kentucky, US, Washington, D.C., US, Louisiana, US, North Carolina, US, Massachusetts, US, Alabama, US, Arkansas, US, Vermont, US, Mississippi, US, New Hampshire, US, Rhode Island, US, Delaware, US]
17[Minnesota, US]
18[]
19[Wisconsin, US]
20[]
21[Florida, US]
------------------
Iteration 11
------------------
RESULTS:
PeriodicaResult{period=8.0, topic=0{job: 645842.0, hiring: 547921.0, jobs: 272261.0, careerarc: 253617.0, amp: 177255.0, day: 174478.0, latest: 173367.0, today: 168573.0, great: 166187.0, work: 161596.0, }, #clusters=2, movement=[[t0:1(0.21)3(0.15), t1:3(0.12), t2:1(0.21)3(0.03), t3:1(0.29), t6:1(0.06), t7:1(0.09)3(0.26), ], [t0:1(0.14), t1:1(0.14), t3:3(0.14), t4:1(0.14), t5:1(0.07)3(0.36), t6:1(0.36)3(0.36), t7:1(0.29)3(0.29), ]], segments=[[0, 1, 2, 3, 4, 5, 6, 7, 8, 9, 10, 11, 12, 13, 14, 15, 16], [22, 23, 24, 25, 26, 27, 28]]}
PeriodicaResult{period=21.0, topic=0{job: 645842.0, hiring: 547921.0, jobs: 272261.0, careerarc: 253617.0, amp: 177255.0, day: 174478.0, latest: 173367.0, today: 168573.0, great: 166187.0, work: 161596.0, }, #clusters=1, movement=[[t1:1(0.40), t3:1(0.10), t4:1(0.20), t6:1(0.10), t7:1(0.20), t9:1(0.10), t10:1(0.20), t12:1(0.10), t13:1(0.20), t14:1(0.20), t15:1(0.30), t16:1(0.30), t17:1(0.10), t18:1(0.30), t19:1(0.20), ]], segments=[[0, 1, 2, 3, 4, 5, 6, 7, 8, 9]]}
PeriodicaResult{period=11.0, topic=0{job: 645842.0, hiring: 547921.0, jobs: 272261.0, careerarc: 253617.0, amp: 177255.0, day: 174478.0, latest: 173367.0, today: 168573.0, great: 166187.0, work: 161596.0, }, #clusters=3, movement=[[t0:3(0.09), t1:3(0.09), t2:3(0.09), t5:3(0.09), t6:3(0.18), t7:3(0.18), t8:3(0.18), t9:3(0.09), t10:3(0.09), ], [t6:3(0.33), ], [t3:3(0.20), t7:3(0.20), t8:3(0.20), t9:3(0.40), t10:3(0.20), ]], segments=[[1, 2, 3, 4, 5, 6, 7, 8, 9, 10, 11], [13, 14, 15], [17, 18, 19, 20, 21]]}
PeriodicaResult{period=24.0, topic=0{job: 645842.0, hiring: 547921.0, jobs: 272261.0, careerarc: 253617.0, amp: 177255.0, day: 174478.0, latest: 173367.0, today: 168573.0, great: 166187.0, work: 161596.0, }, #clusters=2, movement=[[t0:1(0.02)2(0.14)4(0.11)6(0.11)7(0.14)8(0.14)10(0.14)11(0.14)17(0.03)19(0.03), t1:2(0.38)4(0.07)7(0.38)10(0.17), t7:19(0.14), t8:19(0.29), t9:11(0.14)17(0.07)19(0.50), t10:6(0.03)11(0.09)12(0.13)16(0.23)17(0.06)19(0.23)21(0.23), t11:2(0.02)6(0.09)8(0.02)10(0.11)11(0.09)12(0.14)16(0.14)17(0.14)19(0.14)21(0.14), t12:2(0.03)6(0.03)7(0.11)8(0.07)10(0.11)11(0.09)12(0.11)16(0.11)17(0.11)19(0.11)21(0.11), t13:2(0.08)4(0.05)6(0.05)7(0.09)8(0.09)10(0.09)11(0.09)12(0.09)13(0.02)16(0.09)17(0.09)19(0.09)21(0.09), t14:2(0.08)4(0.02)6(0.08)7(0.08)8(0.08)10(0.08)11(0.08)12(0.08)13(0.07)16(0.08)17(0.08)19(0.08)21(0.08), t15:1(0.02)2(0.08)3(0.05)4(0.07)6(0.08)7(0.08)8(0.08)10(0.08)11(0.08)12(0.08)13(0.02)16(0.08)17(0.08)19(0.08)21(0.08), t16:1(0.07)2(0.07)3(0.07)4(0.07)6(0.07)7(0.07)8(0.07)10(0.07)11(0.07)12(0.07)13(0.01)16(0.07)17(0.07)19(0.07)21(0.07), t17:1(0.01)2(0.08)3(0.03)4(0.08)6(0.08)7(0.08)8(0.08)10(0.08)11(0.08)12(0.08)16(0.08)17(0.08)19(0.08)21(0.08), t18:1(0.06)2(0.08)3(0.02)4(0.08)6(0.08)7(0.08)8(0.08)10(0.08)11(0.08)12(0.08)16(0.08)17(0.08)19(0.08)21(0.08), t19:1(0.08)2(0.08)3(0.01)4(0.08)6(0.08)7(0.08)8(0.08)10(0.08)11(0.08)12(0.08)16(0.08)17(0.08)19(0.08)21(0.08), t20:2(0.08)3(0.01)4(0.08)6(0.08)7(0.08)8(0.08)10(0.08)11(0.08)12(0.08)16(0.08)17(0.08)19(0.08)21(0.08), t21:1(0.01)2(0.09)4(0.09)6(0.07)7(0.09)8(0.09)10(0.09)11(0.09)12(0.09)16(0.07)17(0.09)19(0.09)21(0.07), t22:1(0.01)2(0.09)4(0.08)6(0.07)7(0.09)8(0.09)10(0.09)11(0.09)12(0.07)16(0.07)17(0.09)19(0.09)21(0.07), t23:2(0.12)4(0.10)6(0.09)7(0.12)8(0.09)10(0.12)11(0.09)12(0.09)17(0.12)19(0.09), ], [t6:19(0.33), t7:19(1.00), t8:6(0.07)12(0.20)16(0.20)17(0.13)19(0.20)21(0.20), t9:6(0.05)10(0.15)11(0.10)12(0.15)16(0.15)17(0.15)19(0.15)21(0.10), t10:2(0.07)6(0.07)7(0.03)8(0.07)10(0.11)11(0.11)12(0.11)16(0.11)17(0.11)19(0.11)21(0.11), t11:2(0.09)3(0.03)4(0.09)6(0.06)7(0.09)8(0.06)10(0.09)11(0.09)12(0.09)16(0.09)17(0.09)19(0.09)21(0.09), t12:2(0.05)4(0.03)6(0.09)7(0.09)8(0.09)10(0.09)11(0.09)12(0.09)13(0.05)16(0.09)17(0.09)19(0.09)21(0.09), t13:1(0.02)2(0.07)3(0.07)4(0.07)6(0.07)7(0.07)8(0.07)10(0.07)11(0.07)12(0.07)13(0.02)16(0.07)17(0.07)19(0.07)21(0.07), t14:1(0.05)2(0.07)3(0.07)4(0.07)6(0.07)7(0.07)8(0.07)10(0.07)11(0.07)12(0.07)16(0.07)17(0.07)19(0.07)21(0.07), t15:1(0.03)2(0.08)3(0.05)4(0.08)6(0.08)7(0.08)8(0.08)10(0.08)11(0.08)12(0.08)16(0.08)17(0.08)19(0.08)21(0.08), t16:1(0.05)2(0.08)4(0.08)6(0.08)7(0.08)8(0.08)10(0.08)11(0.08)12(0.08)16(0.08)17(0.08)19(0.08)21(0.08), t17:1(0.05)2(0.08)4(0.08)6(0.08)7(0.08)8(0.08)10(0.08)11(0.08)12(0.08)16(0.08)17(0.08)19(0.08)21(0.08), t18:2(0.08)4(0.08)6(0.08)7(0.08)8(0.08)10(0.08)11(0.08)12(0.08)16(0.08)17(0.08)19(0.08)21(0.08), t19:2(0.08)4(0.08)6(0.08)7(0.08)8(0.08)10(0.08)11(0.08)12(0.08)16(0.08)17(0.08)19(0.08)21(0.08), t20:1(0.03)2(0.08)4(0.08)6(0.08)7(0.08)8(0.08)10(0.08)11(0.08)12(0.08)16(0.08)17(0.08)19(0.08)21(0.08), t21:2(0.10)4(0.10)6(0.10)7(0.10)8(0.10)10(0.10)11(0.10)12(0.10)17(0.10)19(0.10), t22:1(0.07)2(0.11)3(0.03)4(0.11)6(0.11)7(0.11)8(0.11)10(0.11)11(0.11)17(0.07)19(0.03), t23:1(0.06)2(0.23)4(0.23)7(0.23)10(0.12)17(0.07)19(0.06), ]], segments=[[0, 1, 2, 3, 4, 5, 6], [7, 8, 9]]}
PeriodicaResult{period=12.0, topic=1{like: 578735.0, amp: 345240.0, love: 319804.0, lol: 282960.0, know: 273936.0, got: 269217.0, good: 252658.0, time: 236807.0, people: 226165.0, want: 203006.0, }, #clusters=1, movement=[[t0:19(0.60), t1:19(0.50), t2:19(0.50), t3:19(0.50), t4:19(0.50), t5:19(0.50), t6:19(0.50), t7:19(0.40), t8:19(0.35), t9:19(0.25), t10:19(0.20), t11:19(0.20), ]], segments=[[0, 1, 2, 3, 4, 5, 6, 7, 8, 9, 10, 11, 12, 13, 14, 15, 16, 17, 18, 19]]}
Ref points:
0[]
1[Hawaii, US]
2[Oregon, US]
3[Nevada, US]
4[California, US]
5[]
6[Idaho, US]
7[Arizona, US]
8[Utah, US]
9[]
10[Colorado, US, Wyoming, US]
11[New Mexico, US]
12[Missouri, US, Iowa, US, Oklahoma, US, Kansas, US, Nebraska, US]
13[Texas, US]
14[]
15[]
16[New York, US, Maryland, US, Georgia, US, Indiana, US, Pennsylvania, US, Illinois, US, Virginia, US, Connecticut, US, Michigan, US, New Jersey, US, Ohio, US, Tennessee, US, South Carolina, US, West Virginia, US, Kentucky, US, Washington, D.C., US, Louisiana, US, North Carolina, US, Massachusetts, US, Alabama, US, Arkansas, US, Vermont, US, Mississippi, US, New Hampshire, US, Rhode Island, US, Delaware, US]
17[Minnesota, US]
18[]
19[Wisconsin, US]
20[]
21[Florida, US]
